100 1099
1 2 989 1
2 3 74 1
3 4 568 1
4 5 131 1
5 6 146 1
6 7 417 1
7 8 306 1
8 9 920 1
9 10 765 1
10 11 1 1
11 12 222 1
12 13 973 1
13 14 259 1
14 15 158 1
15 16 320 1
16 17 343 1
17 18 414 1
18 19 384 1
19 20 860 1
20 21 224 1
21 22 942 0
22 23 476 1
23 24 997 1
24 25 295 1
25 26 688 1
26 27 36 1
27 28 932 1
28 29 53 1
29 30 764 1
30 31 796 1
31 32 634 1
32 33 266 1
33 34 118 1
34 35 460 1
35 36 71 1
36 37 800 1
37 38 65 0
38 39 169 1
39 40 385 1
40 41 477 1
41 42 92 1
42 43 157 1
43 44 996 1
44 45 162 1
45 46 517 1
46 47 380 1
47 48 742 1
48 49 368 1
49 50 992 1
50 51 123 1
51 52 984 1
52 53 220 1
53 54 954 1
54 55 535 1
55 56 904 1
56 57 805 1
57 58 569 1
58 59 479 1
59 60 939 1
60 61 360 1
61 62 243 1
62 63 868 1
63 64 853 1
64 65 667 1
65 66 769 0
66 67 229 1
67 68 198 1
68 69 445 1
69 70 786 1
70 71 310 1
71 72 140 1
72 73 720 1
73 74 558 1
74 75 650 1
75 76 861 1
76 77 706 1
77 78 213 1
78 79 827 1
79 80 916 1
80 81 471 1
81 82 615 1
82 83 682 1
83 84 245 1
84 85 257 1
85 86 604 1
86 87 541 1
87 88 520 1
88 89 461 1
89 90 194 1
90 91 657 1
91 92 210 1
92 93 94 1
93 94 880 1
94 95 421 1
95 96 31 1
96 97 533 1
97 98 451 1
98 99 40 1
99 100 391 1
42 7 102 1
68 66 913 1
89 37 108 1
40 13 170 1
95 16 127 1
40 96 431 1
13 68 264 1
10 37 351 1
95 44 462 1
61 13 201 0
1 17 541 1
29 44 675 1
11 46 350 1
93 82 606 1
1 19 111 1
7 85 701 1
80 65 840 1
77 87 178 1
3 99 484 1
42 79 152 1
76 11 269 1
44 33 144 1
3 42 309 1
78 19 157 1
83 22 11 1
8 87 162 1
86 57 779 1
87 3 63 1
65 83 208 1
67 4 369 1
97 9 975 1
27 37 761 1
58 31 317 1
69 11 6 1
19 75 306 1
29 67 93 1
52 16 355 1
36 1 365 1
27 41 62 1
53 11 623 1
79 12 809 1
18 4 602 1
9 64 876 1
9 68 712 1
35 29 171 1
35 8 287 1
69 76 312 1
99 28 283 1
36 92 723 1
39 64 47 1
84 49 318 1
29 76 510 1
7 74 131 1
61 89 609 1
52 56 426 0
91 24 976 1
46 66 684 1
30 46 765 1
95 92 823 1
19 22 325 1
95 52 307 1
68 43 803 1
69 58 638 1
86 24 659 1
59 36 593 1
100 50 782 1
25 2 208 1
78 1 985 1
8 3 627 1
46 64 14 1
74 59 811 1
82 57 192 1
93 76 292 1
72 79 950 1
32 72 891 1
75 30 720 1
45 97 870 1
55 87 536 0
95 100 687 1
28 15 705 1
34 7 905 1
38 18 469 1
90 39 816 1
68 75 765 1
86 78 666 1
65 3 344 1
90 44 872 0
100 44 857 1
48 15 154 1
35 16 445 1
83 12 669 1
28 94 113 1
71 47 835 1
49 99 90 1
94 89 294 1
32 91 431 1
57 76 292 1
43 28 677 1
91 59 718 1
52 35 522 1
33 12 634 1
10 86 455 1
74 36 457 1
78 50 234 1
77 23 72 1
2 65 992 1
23 45 674 1
79 43 864 1
6 2 567 1
40 71 113 0
70 35 809 1
69 46 97 1
17 85 365 1
76 35 437 1
60 39 706 1
2 36 650 1
2 99 522 1
11 30 132 1
65 11 385 1
57 75 525 1
11 94 386 1
28 1 188 1
40 4 493 1
39 4 992 1
2 67 865 1
96 7 760 1
18 40 426 1
66 77 276 1
70 43 897 1
43 39 634 1
42 29 233 1
32 73 186 1
39 89 986 1
98 65 593 1
42 5 543 1
32 90 645 1
87 80 122 1
13 76 491 1
60 86 436 1
23 53 272 1
39 71 936 1
87 60 880 1
64 49 396 1
38 59 276 1
38 26 251 1
53 51 413 1
88 56 810 1
60 75 598 1
98 53 184 1
64 27 838 1
74 98 465 1
26 34 123 1
36 95 628 1
59 65 258 1
74 95 559 1
92 81 777 1
65 74 180 1
100 53 974 1
50 64 927 1
97 84 884 1
30 26 588 1
42 98 515 1
92 80 936 0
61 35 577 1
60 4 260 1
56 76 557 1
39 26 888 1
9 84 138 1
61 34 402 1
84 73 75 1
5 93 317 1
80 25 839 1
80 52 735 1
27 34 365 1
12 27 720 1
62 75 23 1
24 95 44 1
70 15 883 1
83 16 327 1
54 39 504 1
26 56 769 1
20 100 176 1
72 8 281 1
30 61 406 1
8 76 229 1
42 37 324 1
52 70 158 1
9 79 286 1
34 1 106 1
81 24 182 1
4 89 521 1
46 1 446 1
29 38 192 1
14 86 563 0
43 21 255 1
6 27 811 1
32 60 864 1
35 69 390 0
9 91 606 1
43 6 124 0
96 85 409 1
71 27 713 1
48 16 505 1
43 27 626 1
38 77 372 1
45 86 105 1
28 22 823 1
80 61 775 1
45 60 967 1
32 85 351 1
90 67 157 1
44 66 633 1
89 78 301 1
82 50 244 1
72 1 417 1
27 100 261 1
19 14 850 1
98 94 739 1
60 28 903 1
45 28 733 1
57 10 790 1
59 6 583 1
59 88 737 1
40 27 58 1
92 19 541 1
12 10 523 1
37 26 433 1
5 16 313 1
25 49 236 1
18 12 168 1
49 18 998 1
68 85 931 1
94 61 182 1
38 81 295 1
97 30 73 1
78 13 931 1
52 77 830 1
45 95 542 1
92 25 359 1
41 6 93 1
39 61 204 1
55 21 14 1
94 10 353 1
92 29 486 1
10 26 208 1
19 23 449 1
60 73 783 1
17 39 42 1
62 74 707 1
83 41 975 1
21 41 331 1
18 92 136 1
66 22 999 1
17 48 66 1
31 40 874 1
81 98 642 1
71 86 606 1
78 60 998 1
100 43 769 1
86 70 4 1
2 7 924 1
24 70 380 1
95 43 117 1
37 99 537 1
56 31 87 1
81 47 160 1
15 19 670 1
22 71 475 1
30 53 905 1
74 13 668 1
8 12 644 1
63 38 618 1
20 27 1000 1
73 38 239 0
56 92 478 1
63 73 292 1
77 2 150 1
67 32 826 1
95 5 909 1
94 100 213 1
78 35 650 1
72 28 879 1
19 47 581 1
72 12 748 1
65 72 731 1
55 18 401 1
74 76 767 1
27 88 904 1
22 48 645 1
75 44 693 1
43 31 614 1
94 1 658 1
72 10 278 1
80 96 453 1
24 40 750 1
79 3 352 1
2 62 176 1
58 70 752 1
52 45 45 1
46 29 369 1
99 70 29 1
22 61 145 1
63 98 220 1
49 100 944 1
27 90 647 1
41 17 57 1
13 88 67 1
9 76 607 1
45 99 218 1
11 54 573 1
51 13 899 1
13 25 439 1
66 10 907 1
26 80 691 1
67 100 127 1
75 18 671 1
16 19 278 1
72 55 374 1
19 46 431 1
70 17 888 1
27 10 204 1
89 8 808 1
60 3 934 1
57 87 549 1
64 13 666 1
86 73 510 1
56 33 277 1
20 56 365 1
73 57 732 1
59 19 330 1
89 25 478 0
49 75 360 1
36 7 414 1
83 64 320 1
29 32 453 1
89 83 147 1
2 52 90 1
77 96 101 1
79 8 728 1
83 31 518 1
37 83 971 1
99 4 79 1
35 40 175 1
22 75 502 1
17 45 335 1
98 28 477 1
55 77 445 1
46 95 529 1
65 78 258 1
56 70 338 1
45 71 718 1
97 23 513 1
20 67 217 1
46 94 52 1
70 3 415 1
49 76 665 1
5 78 312 1
48 19 692 1
41 55 637 1
77 79 396 1
97 53 143 1
46 60 15 1
14 42 162 1
17 24 673 1
53 48 500 1
18 84 410 1
38 3 215 1
33 99 730 1
51 78 148 1
37 69 751 1
11 43 627 1
18 90 870 1
89 35 58 1
19 64 356 1
22 51 236 1
32 65 207 1
13 49 726 1
51 86 515 1
64 85 415 1
7 44 628 0
1 68 667 1
75 61 297 1
64 44 695 1
9 96 273 1
96 29 147 1
14 18 129 1
54 16 960 1
59 93 311 1
12 30 338 1
90 58 53 1
54 17 562 1
64 53 160 1
81 35 946 1
74 6 617 1
65 95 152 1
57 24 33 1
62 22 847 1
75 95 474 1
26 45 406 1
80 47 631 1
16 76 452 1
45 53 305 1
56 54 988 1
38 42 880 1
88 83 603 1
8 34 333 1
30 23 309 1
70 92 737 1
68 79 312 1
83 86 38 1
92 48 629 1
41 38 429 1
72 86 580 1
71 16 100 1
39 2 660 1
93 52 360 1
30 36 313 1
22 43 665 1
42 31 383 1
68 5 539 1
42 45 264 1
61 82 951 1
83 75 527 1
26 57 808 1
93 61 966 1
55 73 797 1
55 74 422 1
78 93 819 1
37 82 449 1
63 97 545 1
23 60 149 1
17 10 361 1
22 27 877 1
51 55 906 1
80 3 358 1
95 91 483 1
73 62 935 1
10 82 732 1
94 3 462 1
64 87 837 1
13 99 564 1
53 37 384 1
91 99 537 1
90 21 262 1
82 3 43 1
36 79 729 1
33 6 548 1
44 15 157 1
72 17 892 1
90 93 231 1
44 46 392 1
88 77 214 1
58 7 699 1
54 14 38 1
22 26 693 1
95 76 395 1
3 78 271 1
8 100 752 1
97 47 485 1
50 33 620 1
83 76 796 1
65 7 955 1
51 68 39 1
14 85 400 1
55 23 513 1
26 48 220 1
84 86 33 1
70 57 853 1
84 40 401 1
98 73 601 1
92 37 405 1
21 54 75 1
28 59 54 1
6 50 389 1
35 60 805 1
69 28 4 1
68 56 417 1
81 63 24 1
99 55 419 1
60 37 40 1
95 32 953 1
81 69 667 1
29 66 249 1
45 79 864 1
81 67 297 1
90 68 70 1
58 82 905 1
57 45 549 1
64 95 834 1
65 46 151 1
53 6 774 1
3 10 758 1
80 82 189 1
64 74 128 1
71 1 537 1
50 88 567 1
73 77 389 1
39 27 659 0
53 14 145 1
71 100 543 1
88 42 533 1
21 38 745 1
1 57 829 1
86 95 838 1
60 14 983 1
25 53 892 1
85 26 717 1
71 7 754 1
68 3 605 1
31 7 466 1
94 49 39 1
39 23 773 1
5 17 381 1
69 42 905 1
67 5 137 1
63 76 730 1
78 4 660 1
62 49 607 1
46 88 698 1
12 67 448 1
100 35 171 1
39 7 264 1
96 90 490 1
76 7 604 1
65 54 610 1
93 6 604 1
3 23 143 1
2 72 797 1
61 3 332 0
71 30 898 1
88 92 453 1
98 44 590 1
49 73 573 1
95 59 740 1
59 44 875 1
92 24 777 1
7 100 546 1
97 46 697 1
50 87 963 1
76 41 873 1
93 67 604 1
62 14 153 1
90 7 548 1
6 38 854 1
35 83 184 1
69 43 896 1
35 33 1000 1
16 93 708 1
59 13 920 1
72 68 704 1
15 57 8 1
10 28 912 1
6 9 241 1
42 78 809 1
70 54 28 1
66 31 692 1
73 26 665 1
33 87 875 1
98 55 56 1
63 45 356 1
22 39 643 1
44 32 9 1
62 20 232 1
41 63 465 1
88 29 473 1
15 25 64 1
79 34 294 1
79 18 952 0
56 65 851 1
96 68 757 1
88 12 680 1
74 43 514 1
71 26 337 1
53 81 871 1
26 99 726 1
3 96 749 1
47 37 758 1
45 55 236 1
35 94 531 1
59 1 244 1
90 57 342 1
89 100 366 1
50 4 352 1
100 85 498 1
74 68 370 1
6 56 636 1
86 79 593 1
74 29 153 1
70 42 734 1
8 53 603 1
57 88 908 1
75 43 597 1
17 87 337 1
74 90 961 1
34 88 335 1
92 11 547 1
96 36 385 0
90 8 176 1
15 61 90 1
3 69 472 1
7 41 280 0
30 74 664 1
61 33 605 1
44 78 439 1
75 54 499 1
82 28 821 1
69 13 106 1
84 95 43 1
26 28 17 1
91 29 492 1
33 45 535 1
35 86 110 1
92 1 273 1
28 18 996 1
30 33 514 1
79 99 956 1
26 24 368 1
52 25 536 1
69 32 856 1
18 10 61 0
11 24 690 1
41 29 770 1
13 38 691 1
88 91 165 1
14 21 417 1
46 43 666 1
35 37 245 1
12 87 604 1
67 71 979 1
21 100 18 1
65 15 96 1
90 34 464 1
59 22 93 1
10 61 274 1
99 22 166 1
45 50 757 1
62 65 863 1
82 20 872 1
68 12 357 1
98 8 756 1
81 78 542 1
90 88 288 1
61 92 805 1
41 49 254 1
17 46 146 1
70 55 176 1
64 54 835 1
64 60 653 1
93 60 745 1
64 55 377 1
8 57 24 1
55 84 24 1
91 78 554 1
31 34 244 1
48 52 656 1
56 2 748 1
61 88 76 1
42 89 602 1
98 100 904 1
84 46 426 1
79 5 718 1
48 62 703 1
17 77 95 1
83 72 476 1
61 47 910 1
98 54 281 1
51 39 973 1
67 36 881 1
54 25 626 1
54 82 30 1
49 39 791 1
89 43 387 1
48 34 498 1
24 77 543 1
64 98 569 0
22 16 800 1
25 48 329 1
67 30 433 1
94 60 716 1
98 26 617 1
19 8 893 1
77 67 623 1
66 32 799 1
79 31 150 1
62 41 959 1
66 45 340 1
21 23 891 1
31 28 259 1
46 42 511 1
73 2 737 1
52 40 483 1
89 34 750 1
27 51 944 1
95 87 167 1
62 70 492 1
49 91 694 1
32 34 557 1
35 17 339 1
56 64 845 1
98 84 724 1
87 6 833 1
45 2 6 1
24 8 572 1
99 50 582 1
35 74 321 1
90 83 198 1
42 95 339 1
70 5 89 1
96 46 346 1
47 6 181 1
31 17 472 1
51 12 549 1
47 62 765 1
1 65 449 0
53 59 794 1
47 38 294 1
35 99 381 1
56 19 686 1
35 65 886 1
39 28 991 1
39 96 927 1
42 20 4 1
65 50 804 1
74 94 409 1
11 50 738 1
27 31 966 1
10 6 754 1
21 47 942 1
25 94 541 1
97 77 750 1
33 72 206 1
17 51 779 1
1 11 479 1
93 32 855 1
89 52 209 1
50 60 874 1
6 66 102 1
42 56 126 1
79 61 295 1
12 97 264 1
60 42 4 1
25 38 165 1
73 90 226 1
63 34 129 1
87 84 690 1
10 62 693 1
8 14 481 0
74 70 698 1
82 86 262 1
63 3 53 1
31 33 214 1
23 98 525 1
90 30 918 1
82 40 589 1
38 46 251 1
44 86 632 1
99 51 993 1
26 44 300 1
93 55 34 1
88 17 554 1
94 72 283 1
17 93 361 1
30 73 529 1
21 83 998 1
78 20 322 1
55 61 421 1
67 25 960 1
97 56 365 1
48 78 278 1
6 78 678 1
28 89 28 1
10 31 216 1
36 10 404 1
69 20 262 1
84 11 161 1
28 97 276 1
27 81 454 1
81 30 36 1
45 93 833 1
88 22 399 1
83 56 774 0
16 1 596 1
98 36 424 0
16 32 137 0
51 61 801 1
93 27 247 1
80 34 952 1
33 3 494 1
76 23 593 1
28 40 396 1
23 94 574 1
55 49 251 1
63 70 109 1
16 8 836 1
11 27 17 1
91 17 960 1
60 85 925 1
32 22 263 1
47 25 424 1
27 78 855 1
38 61 232 1
96 24 533 1
40 29 531 1
46 5 405 1
81 72 51 1
27 49 53 0
7 15 20 1
47 82 256 1
66 35 614 1
17 82 758 1
38 11 470 1
83 11 868 1
22 47 656 1
100 45 758 1
12 21 610 1
55 24 372 1
58 1 126 0
82 8 671 1
18 81 552 1
44 61 165 1
59 39 310 1
36 55 847 1
75 97 981 1
97 90 766 1
23 69 866 1
81 89 739 1
27 2 162 1
8 68 35 1
16 67 387 1
91 67 415 1
56 75 604 1
70 38 687 1
55 96 237 1
35 53 687 1
67 98 226 1
84 21 898 1
7 35 227 1
49 72 220 1
28 68 997 1
58 83 64 1
31 61 617 1
13 42 731 1
91 56 526 1
28 53 234 1
12 39 64 1
84 77 141 1
84 8 448 1
1 60 643 1
67 87 994 1
79 29 391 1
54 76 89 1
53 69 316 1
92 85 127 1
44 14 344 1
25 4 691 1
90 5 480 1
94 62 74 1
4 26 810 1
54 47 258 1
67 27 510 1
63 29 958 1
1 18 638 1
8 55 743 1
56 46 360 1
23 28 376 1
27 66 645 1
44 57 806 1
37 90 730 1
51 15 16 1
4 58 545 1
100 55 256 1
52 96 675 1
23 83 301 1
43 52 680 1
41 16 592 1
30 8 834 1
17 28 917 1
34 13 786 1
60 83 861 1
35 23 632 0
66 90 467 1
69 24 629 1
67 63 873 1
48 5 178 1
73 85 296 1
70 2 981 1
36 8 170 1
30 40 148 1
81 84 849 1
59 47 825 1
61 17 509 1
38 93 779 1
40 58 24 1
39 15 284 1
37 13 90 1
12 56 125 1
56 84 85 1
54 9 926 1
60 80 548 1
6 42 396 1
32 53 143 1
60 58 416 1
52 1 605 1
61 18 772 1
50 53 960 1
62 77 699 1
72 9 402 1
5 50 690 1
48 63 40 1
56 36 831 1
48 75 849 1
27 47 440 1
23 9 346 1
69 57 626 1
6 52 850 1
69 62 701 1
54 20 845 1
50 81 949 1
98 33 957 1
72 44 262 1
89 38 735 1
25 7 589 1
60 47 561 1
27 36 733 1
67 37 984 1
50 15 168 1
1 35 539 1
11 19 401 1
60 55 419 1
2 84 128 1
71 41 834 1
3 77 169 1
65 92 915 1
58 76 759 1
10 24 921 1
73 53 269 1
72 48 403 1
28 74 140 1
59 97 424 1
65 81 821 1
96 28 606 1
3 30 696 1
74 50 921 1
70 72 425 1
74 99 120 1
38 57 906 1
86 50 932 1
26 100 459 1
5 13 582 1
83 8 5 1
79 6 504 1
4 79 94 1
99 71 136 1
21 25 346 1
56 80 796 1
13 100 448 1
8 95 786 1
100 32 856 1
11 64 698 1
54 99 627 1
86 40 204 1
37 79 593 1
10 76 475 1
22 82 373 1
20 43 761 1
50 66 850 1
15 81 35 1
40 63 675 1
55 53 542 1
27 25 448 1
58 34 229 1
76 28 378 1
27 60 79 1
94 56 19 1
69 55 360 1
64 31 291 1
55 19 364 1
52 62 279 1
41 85 533 1
44 50 637 1
5 27 573 1
33 88 162 1
23 47 303 1
89 98 779 1
13 24 257 1
54 32 62 1
16 46 760 1
95 60 599 1
86 55 919 1
43 58 17 1
19 45 291 1
75 88 118 1
97 19 890 1
80 17 827 1
76 82 475 1
32 24 155 1
94 24 177 1
40 20 610 1
17 78 543 1
87 61 319 1

