100 4099
1 2 897 0
2 3 251 1
3 4 33 1
4 5 373 1
5 6 108 0
6 7 652 1
7 8 670 1
8 9 286 1
9 10 715 1
10 11 205 1
11 12 783 1
12 13 606 1
13 14 33 1
14 15 933 1
15 16 954 1
16 17 927 1
17 18 132 1
18 19 416 1
19 20 31 1
20 21 520 1
21 22 906 1
22 23 692 1
23 24 473 1
24 25 324 0
25 26 567 1
26 27 852 1
27 28 493 1
28 29 474 1
29 30 311 1
30 31 205 1
31 32 815 1
32 33 389 1
33 34 473 1
34 35 805 1
35 36 108 1
36 37 137 1
37 38 896 1
38 39 406 1
39 40 304 1
40 41 952 1
41 42 610 1
42 43 357 1
43 44 853 1
44 45 780 1
45 46 422 1
46 47 379 1
47 48 283 1
48 49 617 1
49 50 91 1
50 51 791 1
51 52 533 1
52 53 278 1
53 54 364 1
54 55 615 1
55 56 708 1
56 57 208 1
57 58 319 1
58 59 533 1
59 60 325 1
60 61 707 1
61 62 885 1
62 63 671 1
63 64 807 1
64 65 116 1
65 66 50 1
66 67 421 1
67 68 13 1
68 69 426 1
69 70 712 1
70 71 528 1
71 72 177 1
72 73 269 1
73 74 159 1
74 75 52 1
75 76 79 1
76 77 662 1
77 78 827 1
78 79 913 1
79 80 831 1
80 81 375 1
81 82 337 1
82 83 600 1
83 84 441 1
84 85 224 1
85 86 915 1
86 87 221 0
87 88 701 1
88 89 673 1
89 90 670 1
90 91 367 1
91 92 471 1
92 93 218 1
93 94 278 1
94 95 162 1
95 96 985 1
96 97 795 1
97 98 14 0
98 99 358 1
99 100 252 1
56 92 352 1
62 38 179 1
9 83 322 1
76 2 683 1
25 1 586 0
66 94 824 1
99 27 724 1
1 34 512 1
86 29 151 1
60 63 868 1
97 76 472 1
78 47 302 1
47 68 412 1
61 54 11 1
32 66 632 1
99 2 384 1
82 92 241 1
6 2 654 1
78 1 7 1
47 31 793 1
98 46 611 1
51 95 82 1
60 7 58 1
94 42 680 1
34 7 594 1
94 38 440 1
68 27 18 1
24 39 574 1
33 48 844 1
7 23 666 0
82 47 983 1
26 45 310 1
38 2 583 1
74 58 957 1
27 41 54 1
67 32 425 1
75 60 528 1
77 29 888 1
11 51 852 1
61 69 184 1
3 95 876 1
5 91 31 1
84 82 550 1
13 90 40 1
1 21 377 1
1 41 164 1
91 47 103 1
67 72 969 1
18 60 122 1
2 79 437 1
13 41 125 1
82 12 782 1
58 85 774 1
48 65 14 1
68 87 105 1
7 55 303 1
28 18 832 1
54 45 92 1
22 5 737 1
38 86 796 1
22 93 721 1
58 92 577 1
30 23 837 1
77 97 605 1
66 75 819 1
72 64 193 1
20 64 758 1
2 52 975 1
44 25 953 1
68 34 498 1
56 62 185 1
58 28 23 1
2 80 725 1
43 55 663 1
70 50 723 1
1 76 196 1
52 45 619 1
78 81 785 1
42 5 251 1
84 61 138 1
41 70 635 1
24 31 445 1
80 20 32 1
47 17 298 1
61 27 190 1
60 88 753 1
45 47 328 1
59 80 551 1
49 27 772 1
57 86 488 1
58 36 404 1
4 97 616 1
76 22 635 1
61 82 705 1
80 42 939 1
22 49 870 1
94 35 914 1
74 69 692 1
72 4 625 1
19 16 75 1
50 59 688 1
15 36 499 1
26 3 814 1
24 78 717 1
65 3 438 1
23 82 846 1
85 70 203 1
85 20 886 1
30 33 997 1
20 54 897 1
56 46 580 1
76 53 740 0
55 30 929 1
11 58 896 1
27 97 863 1
48 50 673 1
46 82 792 1
78 82 439 1
13 65 812 1
4 98 80 1
27 4 753 1
51 16 100 1
79 20 978 1
69 40 366 1
21 28 650 1
61 99 73 1
63 80 266 1
97 7 786 1
59 82 611 1
31 63 799 1
2 11 775 1
38 74 650 1
72 12 586 1
43 57 472 1
33 99 64 1
85 41 838 1
51 30 881 1
92 29 945 1
91 48 980 1
73 43 796 1
54 50 649 1
59 35 643 0
33 1 869 1
41 55 792 1
84 26 27 1
72 97 690 1
77 26 705 1
73 38 405 1
86 65 957 1
7 72 765 1
40 50 98 1
23 64 177 1
71 5 224 1
94 2 478 1
58 26 164 1
31 52 869 1
60 39 868 1
55 84 426 1
81 9 903 1
25 14 595 1
18 57 563 1
10 23 867 1
49 58 631 1
9 62 20 1
52 43 707 1
26 56 906 1
17 64 941 1
29 43 98 1
51 8 812 1
83 52 131 1
10 61 670 1
74 11 678 1
53 81 230 1
88 19 404 1
35 47 563 1
41 82 644 1
90 21 372 1
24 85 185 1
45 66 271 1
28 48 133 1
80 83 667 1
1 49 635 1
47 66 139 1
48 10 689 1
82 89 957 1
73 65 970 1
30 100 157 1
47 39 178 1
73 3 825 1
3 14 49 1
32 61 379 1
22 73 803 1
13 78 685 1
42 4 323 1
3 49 601 1
39 72 411 1
74 22 676 1
87 99 918 1
11 66 32 1
38 66 250 1
100 44 554 1
93 41 431 1
12 32 437 1
5 81 792 1
31 39 641 1
4 61 494 1
78 61 725 1
8 81 107 1
25 22 617 1
14 67 125 1
50 92 355 1
98 54 910 1
46 69 621 1
62 100 357 1
24 89 587 1
47 61 859 1
29 21 128 1
97 75 509 1
81 47 678 1
52 97 998 1
18 9 531 1
60 51 935 1
91 76 89 1
36 81 817 1
53 24 550 1
50 66 682 1
64 42 616 1
90 98 7 1
58 34 969 1
36 76 678 1
51 75 839 1
55 66 208 1
41 2 243 1
24 83 635 1
98 1 814 1
59 41 148 1
61 35 415 1
12 78 978 1
16 96 574 1
55 36 463 1
78 46 301 1
28 43 977 1
43 70 301 1
62 88 922 1
36 86 877 1
15 21 710 1
94 78 469 1
92 74 523 1
26 93 513 1
21 7 310 1
60 96 160 1
17 71 805 1
56 39 622 1
11 4 5 1
81 27 624 1
52 90 30 1
34 11 954 1
69 27 580 1
22 63 991 1
85 77 792 1
14 78 96 1
34 62 658 1
37 26 82 1
55 32 348 1
85 13 251 1
92 48 783 1
90 50 684 1
94 26 807 1
56 91 189 1
4 76 640 1
2 97 108 1
29 65 65 1
29 34 121 1
33 81 623 1
82 13 75 1
91 20 946 1
62 35 966 1
10 84 663 1
81 30 561 1
47 30 775 1
63 92 847 1
24 49 406 1
62 27 804 1
98 13 259 1
47 34 208 1
70 33 402 1
14 93 612 1
39 36 985 1
82 5 703 1
10 47 542 1
50 78 250 1
88 100 364 1
7 4 881 1
5 61 818 1
25 98 863 1
33 89 767 1
93 32 55 1
30 1 179 1
30 49 317 1
100 15 958 1
70 79 927 1
40 63 916 1
61 51 445 1
11 84 31 1
83 85 264 1
33 47 32 1
89 83 827 1
9 82 704 1
55 26 445 1
49 57 8 1
39 17 574 1
1 12 585 1
10 69 823 1
33 57 975 1
35 65 376 1
68 4 74 1
81 75 381 1
83 50 773 1
19 33 371 1
96 35 505 1
55 23 387 1
31 83 718 1
99 20 167 1
23 74 355 1
48 14 330 1
16 24 234 1
8 100 503 1
7 40 686 1
20 39 219 1
37 33 680 1
88 2 923 1
98 84 605 1
35 49 268 1
12 65 197 1
2 86 722 1
92 86 28 1
7 58 552 1
32 75 29 1
10 5 145 1
54 91 665 1
13 9 528 1
82 36 773 1
21 65 391 1
4 10 896 1
62 31 225 1
30 43 135 1
85 39 92 1
62 15 921 1
94 85 626 1
57 29 960 1
19 46 219 1
49 63 60 0
94 88 369 1
74 39 624 1
82 20 633 1
93 83 100 1
8 25 350 1
36 99 604 1
17 87 465 1
1 96 694 1
35 30 908 1
68 73 501 1
44 72 836 1
54 1 762 1
77 15 712 1
65 57 281 1
43 4 596 1
51 73 785 1
2 55 721 1
97 5 351 1
57 97 485 1
63 74 928 1
30 15 924 1
70 57 821 1
82 60 983 1
66 1 544 1
26 28 423 1
85 74 541 1
70 36 33 1
61 25 842 1
39 71 961 1
28 36 509 1
47 89 64 1
41 50 367 1
78 71 562 1
97 13 766 1
100 31 660 1
56 61 246 1
32 17 211 1
4 90 750 1
31 65 571 1
15 71 744 1
42 29 38 1
41 10 192 1
93 5 48 1
17 51 800 1
20 55 923 1
44 32 726 1
49 89 563 1
60 37 453 1
66 14 58 1
23 96 715 1
52 100 121 1
3 11 122 1
65 34 260 1
17 20 465 1
9 34 568 1
72 87 213 1
45 72 594 1
38 12 952 1
32 47 603 1
20 78 716 1
37 53 674 1
17 43 848 1
62 81 33 1
45 11 805 1
16 1 699 1
99 8 719 1
37 89 26 1
93 20 361 1
15 10 676 1
74 57 28 1
13 26 828 1
78 18 177 1
77 31 14 1
19 80 311 1
99 41 613 1
50 79 439 1
21 53 994 1
9 17 522 1
42 95 20 1
12 79 389 1
61 42 879 1
73 44 423 1
84 63 86 1
93 28 113 1
80 70 140 1
86 82 80 1
77 14 540 1
44 46 104 1
87 33 911 1
28 74 464 1
36 20 229 1
99 24 530 1
94 3 731 1
10 60 260 1
100 38 979 1
41 43 474 1
53 43 938 1
6 35 606 1
15 56 407 1
85 75 306 1
57 45 519 1
56 82 155 1
20 83 912 1
77 49 982 1
43 32 149 1
6 32 487 1
39 19 599 1
76 70 963 1
88 51 117 1
5 16 342 1
9 85 427 1
53 90 387 1
29 35 541 1
85 32 180 1
47 1 43 1
18 86 968 1
47 21 355 1
5 47 89 1
11 38 207 1
24 59 632 1
51 78 713 1
9 61 238 1
55 82 264 1
2 54 748 1
75 3 279 1
49 87 511 1
24 50 999 1
30 10 997 1
22 47 387 1
36 64 411 1
27 21 878 1
69 90 423 1
21 80 192 0
43 85 912 1
83 100 765 1
61 12 383 1
58 21 294 1
84 92 363 1
13 71 333 1
13 24 185 1
55 67 797 1
8 86 581 1
2 27 262 1
61 1 133 1
94 18 501 1
32 37 23 1
21 36 727 1
20 1 995 1
49 96 809 1
81 28 682 1
95 67 80 1
78 80 801 1
3 83 600 1
61 55 354 1
1 10 33 1
14 95 360 1
13 11 163 1
40 88 318 1
67 52 121 1
87 54 747 1
60 72 409 1
24 52 384 1
84 59 49 1
5 63 369 1
26 51 665 1
38 72 656 1
77 10 849 1
56 16 860 1
76 96 746 1
47 12 307 1
57 62 346 1
34 52 57 1
55 81 211 1
29 25 801 1
84 6 147 1
3 78 610 1
92 39 221 1
97 100 705 1
62 92 447 1
44 55 698 1
35 20 916 1
96 91 680 1
48 15 551 1
44 18 388 1
8 33 805 1
84 33 745 1
25 11 820 1
17 45 251 1
16 29 312 1
71 85 71 1
51 68 195 1
34 96 893 1
83 37 751 1
17 7 40 1
43 56 494 1
75 82 263 1
13 73 681 1
65 10 189 1
70 75 192 1
65 9 200 1
45 70 514 1
28 15 571 1
22 62 448 1
43 3 307 1
27 19 291 1
80 18 949 1
92 9 273 1
8 77 9 1
90 70 494 1
92 96 155 1
43 1 404 1
8 35 246 1
77 54 860 1
3 60 146 1
20 63 80 1
40 13 981 1
34 15 926 1
10 33 105 1
34 41 193 1
75 34 104 1
88 5 242 1
16 45 36 1
8 57 399 1
69 6 655 1
20 57 182 1
90 11 175 1
51 97 478 1
31 8 318 1
13 95 380 1
39 97 298 1
54 81 274 1
39 27 558 1
35 7 576 1
50 20 468 1
49 55 681 1
72 40 182 1
19 66 486 1
63 83 211 1
89 36 323 1
95 56 564 1
32 100 456 1
62 47 385 1
86 43 556 1
8 95 922 1
78 11 586 1
18 72 83 1
39 45 522 1
96 69 567 1
13 19 550 1
61 91 420 1
85 50 814 1
12 25 630 1
97 24 443 1
42 2 724 1
23 34 851 1
53 47 865 1
7 24 644 1
73 42 385 1
67 8 215 1
83 77 424 1
79 47 953 1
32 42 584 1
88 47 257 1
64 15 422 1
38 34 862 1
81 11 515 1
40 20 470 1
66 37 149 0
30 77 570 1
24 33 939 1
99 11 888 1
96 25 23 1
98 47 730 1
9 31 348 1
50 33 715 1
21 91 251 1
67 48 542 1
32 45 930 1
17 2 917 1
77 65 396 1
46 24 941 1
23 76 792 1
43 94 858 1
96 100 215 1
11 73 917 1
64 85 431 1
95 68 392 1
91 72 865 1
99 5 941 1
50 89 697 1
41 6 434 1
93 25 209 1
41 74 62 1
4 46 351 1
13 5 855 1
71 26 727 1
67 31 68 1
79 7 841 1
92 66 950 1
27 57 871 1
70 78 981 1
80 32 274 1
86 12 109 1
38 80 456 1
62 53 740 1
12 48 3 1
66 96 492 1
4 78 873 1
8 30 839 1
12 99 810 1
59 91 393 1
98 50 272 1
89 8 920 1
63 37 518 1
28 22 341 1
95 55 1000 1
89 57 842 1
66 91 855 1
35 81 483 1
43 76 557 1
12 87 439 1
8 73 2 1
79 1 272 1
35 42 819 1
83 45 767 1
51 47 359 1
81 3 423 1
78 22 941 1
60 5 68 0
21 56 774 1
79 48 158 1
18 1 278 1
19 5 18 1
63 56 269 1
42 9 702 1
69 42 189 1
49 47 879 1
94 80 111 1
81 89 899 1
45 15 759 1
70 40 300 1
41 69 234 1
70 25 690 1
18 91 118 1
37 44 30 1
75 31 655 1
72 31 268 1
97 73 119 1
64 53 956 1
21 30 842 1
7 47 476 1
90 61 426 1
56 89 130 1
72 51 595 1
82 42 78 1
14 88 830 1
93 66 213 1
47 26 105 1
25 37 114 1
49 26 704 1
66 98 789 1
1 70 582 1
11 97 576 0
5 28 542 1
67 99 591 1
87 11 436 1
36 47 701 1
96 24 696 1
93 24 655 1
31 56 987 1
83 25 475 1
73 76 960 1
86 45 173 1
91 37 686 1
61 15 205 1
90 10 110 1
1 42 550 1
28 99 308 1
74 24 298 1
99 94 237 1
90 55 880 1
18 52 651 1
56 42 567 1
3 13 919 1
17 88 542 1
11 52 961 1
97 87 958 1
18 46 635 1
37 56 649 1
23 90 882 1
60 74 928 1
61 67 771 1
70 13 967 1
12 80 966 1
89 22 884 1
9 11 145 1
19 69 493 1
10 57 869 1
96 43 617 1
14 35 397 1
53 93 357 1
58 69 173 1
35 33 453 1
1 31 162 1
88 71 970 1
17 77 981 1
46 77 126 1
73 19 953 1
21 9 124 1
98 86 84 1
39 8 135 1
21 54 502 1
23 25 886 1
58 75 824 1
1 87 570 1
39 21 211 1
29 48 379 1
86 41 76 1
48 80 320 1
85 19 759 1
43 99 252 1
25 7 677 1
93 70 984 1
46 71 880 1
1 80 914 1
94 16 278 1
34 60 929 1
80 34 607 1
76 9 170 1
55 64 201 1
95 92 14 1
5 86 150 1
54 76 639 1
67 96 99 1
81 90 843 1
72 33 542 1
2 10 93 1
10 99 642 1
64 40 501 1
90 32 621 1
71 62 689 1
9 87 641 1
76 44 699 1
76 90 429 1
99 96 809 1
50 10 228 1
50 95 910 1
81 57 508 1
100 37 27 1
27 98 25 1
94 79 839 1
14 61 573 1
59 6 461 1
14 30 772 1
8 23 514 1
100 14 836 1
5 29 956 0
59 17 12 1
67 83 525 1
89 65 954 1
46 34 154 1
8 45 459 1
59 63 215 1
43 16 955 1
86 60 796 1
23 73 408 1
49 18 786 1
19 95 126 1
16 50 785 1
4 99 390 1
10 81 832 1
5 14 53 1
32 15 402 1
84 8 558 1
34 40 570 1
41 57 556 1
58 45 461 1
43 66 704 1
98 38 402 1
4 77 335 1
91 44 674 1
52 88 137 1
6 19 505 1
26 46 518 1
6 95 760 1
98 85 284 1
86 100 992 1
86 51 726 1
76 39 607 1
75 92 332 1
62 79 888 1
24 88 981 1
82 91 631 1
75 89 713 1
40 25 826 1
75 91 751 0
81 67 455 1
58 99 920 1
77 73 400 1
5 24 832 1
12 88 303 1
13 99 39 1
90 82 470 1
77 58 414 1
29 75 87 1
26 50 310 1
43 58 17 1
89 96 32 1
98 69 678 1
59 71 500 1
93 59 369 1
69 99 149 1
25 72 603 1
22 88 764 1
45 96 85 1
91 88 840 1
8 50 467 1
20 28 164 1
38 65 358 1
15 66 240 1
37 94 658 1
33 5 630 1
100 5 142 1
44 82 152 1
31 50 702 1
77 35 266 1
51 49 166 1
66 30 655 0
75 2 607 1
6 37 257 1
93 2 88 1
83 30 465 1
79 8 707 1
94 83 445 1
84 48 249 1
77 70 3 1
71 67 128 1
55 97 47 0
34 32 725 1
48 97 665 0
55 78 527 1
74 83 887 1
31 2 386 1
56 30 217 1
9 58 244 1
4 14 189 1
45 97 444 1
93 49 48 1
78 7 603 1
41 52 224 1
5 48 613 1
29 12 37 1
69 93 624 1
6 11 502 0
7 29 552 1
29 4 358 1
11 76 3 1
79 52 336 1
15 17 846 1
8 56 614 1
84 22 912 1
25 15 387 1
43 80 673 1
53 55 249 1
82 77 801 1
77 81 854 1
75 63 52 1
38 71 179 1
46 51 298 1
58 89 291 1
44 42 520 1
22 87 920 1
86 52 195 1
3 10 493 1
84 68 210 1
17 35 67 1
26 67 769 1
9 56 382 1
95 65 880 1
17 82 71 1
44 2 524 1
91 86 374 1
5 76 274 1
11 85 336 1
56 12 95 1
45 74 46 1
79 30 174 1
97 74 847 1
99 54 685 1
27 85 818 1
90 27 121 1
21 32 232 1
29 98 660 1
79 57 462 1
69 30 518 1
28 85 902 1
22 98 43 1
15 57 756 1
35 54 408 1
85 21 514 1
73 49 5 1
10 26 549 1
85 65 706 1
14 53 881 1
88 48 864 1
55 4 645 1
17 6 489 1
6 3 167 1
80 31 874 0
91 62 804 0
66 5 127 1
87 80 774 1
76 8 422 1
96 36 292 1
55 8 969 1
33 69 223 1
81 14 250 1
85 51 323 1
97 10 79 1
15 58 69 1
72 99 450 1
98 65 324 1
26 4 508 1
80 23 916 1
1 99 667 1
8 24 325 1
72 76 640 1
84 97 268 1
47 87 262 1
62 49 188 1
52 39 984 1
61 63 514 1
13 100 820 0
24 67 795 1
94 69 777 1
96 64 631 1
77 23 189 1
62 83 408 1
22 68 534 1
67 37 590 1
36 48 873 1
24 34 71 1
97 60 425 1
34 79 695 1
13 45 578 1
36 75 841 1
8 64 512 1
5 83 893 1
65 53 564 1
23 75 56 1
5 52 418 1
48 55 884 1
29 44 988 1
99 63 211 1
55 15 972 1
19 8 93 1
22 9 61 1
12 17 660 1
71 87 851 1
82 70 40 1
73 88 10 1
50 9 392 1
32 46 66 1
74 56 689 1
30 97 70 1
8 27 354 1
29 89 218 1
80 47 281 1
41 83 372 1
28 49 817 0
22 14 6 1
2 53 658 1
74 13 433 1
66 16 588 1
33 100 338 1
33 93 73 1
75 41 954 1
90 85 163 1
99 45 252 1
98 74 23 1
38 49 504 1
65 76 97 1
22 32 663 1
69 23 867 1
70 64 731 1
87 59 594 1
14 44 204 1
84 30 605 1
45 98 321 1
16 93 886 1
8 41 846 1
39 64 160 1
20 86 703 1
15 70 176 1
16 10 645 1
43 39 258 1
83 92 691 1
88 35 327 1
98 55 417 0
40 44 406 1
25 53 619 1
76 78 723 1
20 43 807 1
77 45 275 1
51 70 142 1
92 80 831 0
70 86 463 1
79 31 338 1
32 9 316 1
38 78 755 1
36 34 497 1
16 77 850 1
39 37 670 1
13 92 398 1
59 86 696 1
50 6 538 1
20 68 111 1
56 38 827 1
74 90 134 1
33 63 684 1
60 35 844 1
83 36 784 1
93 91 983 1
34 55 954 1
74 49 29 1
86 95 959 1
84 58 516 1
51 31 572 1
74 89 79 1
69 45 955 1
51 74 524 1
74 71 359 1
17 11 200 1
68 65 939 1
69 91 395 1
73 54 894 1
98 82 848 1
77 79 593 1
89 59 909 1
76 63 660 1
33 68 73 1
14 84 986 1
37 20 235 1
1 26 407 1
32 57 908 1
35 76 575 1
86 96 761 1
10 34 442 1
53 73 666 1
51 93 882 1
79 10 764 1
16 91 102 1
98 58 902 1
33 62 167 1
23 58 994 1
52 4 818 1
18 15 848 1
12 92 883 0
45 51 21 1
52 25 552 1
43 8 395 1
2 60 272 1
29 19 935 1
42 15 794 1
62 77 373 1
20 9 64 1
59 48 62 0
24 70 766 1
29 73 782 1
85 10 513 1
80 98 321 1
81 21 701 0
16 39 552 1
100 79 664 1
44 1 256 1
35 73 387 1
36 88 199 1
40 81 273 1
1 73 130 1
81 88 36 1
35 57 523 1
12 2 228 1
23 38 415 1
18 97 271 1
21 11 353 1
50 19 441 1
90 1 525 1
10 22 873 1
23 98 563 1
33 27 55 1
65 11 234 1
56 80 607 1
85 67 672 1
59 67 713 1
87 42 861 1
39 62 623 1
89 12 905 1
23 50 582 1
13 25 797 1
91 29 949 1
48 45 990 1
83 39 221 1
53 38 693 1
49 72 438 1
53 80 217 1
4 39 546 1
19 82 518 1
14 57 863 1
32 41 704 1
31 90 265 1
6 39 919 1
52 82 829 1
87 5 784 1
80 54 945 1
7 94 792 1
57 11 761 1
44 90 88 1
44 34 75 1
39 94 201 1
46 39 994 1
37 54 100 1
92 4 901 1
66 68 361 1
9 49 852 1
18 24 489 1
66 21 987 0
66 76 695 1
27 84 548 1
84 15 944 1
93 75 520 1
6 87 485 1
27 14 992 1
86 24 951 1
51 23 677 1
77 90 644 1
19 77 998 1
97 32 854 1
70 99 596 1
64 74 949 1
49 70 499 1
44 48 649 1
90 56 923 1
92 17 354 1
14 99 74 1
52 55 641 1
3 87 942 1
35 15 386 1
14 6 441 1
54 79 144 1
34 42 177 1
58 20 272 1
19 68 422 0
74 21 76 1
59 29 646 1
43 31 608 1
36 67 942 1
46 95 879 1
36 54 746 1
69 43 417 1
17 30 531 1
58 48 826 1
9 75 44 1
41 12 286 1
17 94 572 1
91 51 559 1
76 61 364 1
11 53 103 1
58 41 970 1
33 73 639 1
93 71 71 1
94 27 906 0
22 13 920 1
26 39 758 1
93 82 622 1
91 83 197 1
74 2 810 1
24 65 844 1
71 21 992 1
85 38 713 1
9 89 233 1
68 64 710 1
33 71 68 1
14 64 126 1
56 25 170 1
10 43 8 1
7 9 143 1
71 35 729 1
58 90 599 1
58 70 250 1
95 70 810 1
91 15 301 1
9 88 850 1
57 66 694 1
60 81 847 1
9 86 818 1
16 84 930 1
51 59 942 1
42 33 901 1
83 88 293 1
73 9 533 1
46 6 172 1
41 17 545 1
99 40 749 1
50 3 674 1
95 83 774 1
61 52 642 1
80 9 654 0
93 99 494 1
70 100 377 1
94 50 888 1
33 54 967 1
46 22 582 1
15 50 668 1
56 34 315 1
27 87 736 1
64 62 784 1
53 56 247 1
5 96 489 1
8 94 278 1
75 86 616 1
53 82 718 1
48 75 66 1
63 19 910 1
2 32 655 1
62 51 169 1
17 24 269 1
38 5 594 1
70 23 997 1
84 18 600 1
72 9 373 1
23 84 219 1
15 99 732 1
74 26 379 1
60 90 873 1
83 53 398 1
15 80 486 0
11 63 733 1
46 88 212 1
38 91 612 1
42 28 977 0
100 22 547 1
77 34 558 1
71 53 881 1
15 46 512 1
86 68 23 1
11 22 79 1
68 80 407 1
56 58 589 1
56 47 484 1
32 36 302 1
40 52 7 1
98 52 583 1
19 45 81 1
59 34 165 1
93 81 520 1
70 81 692 1
64 1 956 1
3 18 489 1
40 94 810 1
38 95 204 1
90 62 382 1
43 38 64 1
55 33 133 1
41 25 48 0
19 42 56 1
36 4 777 1
4 49 669 1
82 32 834 1
47 28 601 1
12 27 52 1
3 35 468 1
12 54 730 1
11 95 200 1
63 77 720 1
11 30 118 1
31 11 515 1
1 65 364 1
93 17 230 1
51 66 161 1
60 73 474 1
49 43 111 1
29 55 324 1
84 91 253 1
59 19 635 1
31 35 491 1
33 53 357 1
74 32 247 1
38 89 720 1
77 28 299 1
15 26 73 1
68 93 953 1
97 50 345 1
47 72 715 1
19 7 308 1
47 75 517 1
51 3 698 1
53 10 990 1
83 43 714 1
95 30 356 1
75 62 21 1
85 29 655 1
83 40 986 1
83 47 658 1
2 47 364 1
56 35 190 1
23 78 971 1
63 15 45 1
13 69 200 1
97 49 244 1
62 42 682 1
83 73 805 1
76 64 290 1
58 14 14 1
72 79 725 1
100 42 296 1
43 68 356 1
37 92 999 1
48 94 75 1
57 30 116 1
91 74 450 1
39 53 609 1
29 80 811 1
27 96 417 1
37 40 333 1
91 30 224 1
4 34 220 1
2 95 783 1
87 77 716 1
78 34 408 1
50 44 239 1
84 80 374 1
49 65 453 1
84 87 629 1
21 96 8 1
72 56 179 1
1 52 994 1
37 10 220 1
89 26 750 1
14 59 49 1
30 18 542 1
93 50 156 1
43 14 131 1
3 63 999 1
44 77 941 1
26 32 107 1
50 32 426 1
46 96 390 0
97 31 539 1
86 72 785 1
70 96 965 1
24 44 349 1
27 45 576 1
2 82 598 1
12 6 459 1
80 7 263 1
58 4 482 1
99 23 826 1
20 41 95 1
94 6 495 1
45 50 581 1
8 4 287 1
50 53 759 1
9 93 207 0
68 26 687 1
66 85 611 1
42 48 229 1
25 2 659 1
62 23 471 1
36 84 827 1
42 30 874 1
68 21 248 1
32 51 189 1
90 9 923 1
98 43 373 1
65 92 40 1
75 27 517 1
42 75 751 1
58 32 399 1
40 74 137 1
16 69 680 1
12 58 377 1
94 98 57 0
14 11 707 1
37 61 311 1
31 58 740 1
41 24 980 1
32 28 43 1
38 67 831 1
87 30 861 1
36 72 845 1
83 56 214 1
73 86 92 1
71 45 808 1
91 78 229 1
7 52 595 1
23 15 357 1
70 92 716 1
85 12 9 1
93 72 609 1
38 87 128 1
43 24 65 1
76 92 625 1
74 20 668 1
69 21 114 1
74 43 786 1
84 45 438 1
73 66 995 1
31 5 558 1
96 68 838 1
34 8 73 1
27 77 753 1
90 36 116 1
78 72 361 1
89 64 371 1
29 67 814 1
4 88 412 1
88 56 30 1
91 68 21 1
98 28 969 1
15 7 917 1
57 93 868 1
43 89 246 1
18 66 14 1
38 3 871 1
9 29 902 1
81 66 547 1
24 10 896 1
47 71 448 1
39 82 914 1
28 57 40 1
95 79 203 1
59 95 646 1
1 88 76 1
85 48 583 1
51 69 78 1
72 63 362 1
17 34 72 1
59 43 144 0
77 20 359 1
55 62 36 1
22 29 695 1
58 81 727 1
27 70 502 1
88 39 167 1
48 40 835 1
7 26 561 1
87 26 760 1
54 52 464 1
85 52 111 1
21 82 251 1
39 51 620 1
69 89 729 1
23 93 429 1
71 64 409 1
69 95 622 1
58 76 299 1
96 71 237 1
77 52 799 1
80 66 272 1
75 22 195 1
16 52 625 1
75 13 607 1
20 70 248 1
73 34 68 1
86 32 712 1
6 21 73 1
65 72 954 1
30 67 610 0
31 16 803 1
23 52 260 1
71 36 228 1
57 7 906 1
44 69 498 1
22 59 458 1
18 99 674 1
53 63 127 1
14 62 549 1
36 40 444 1
49 41 178 1
90 80 54 1
89 55 507 1
80 10 158 1
36 42 22 1
42 67 278 1
6 68 751 1
6 70 412 1
43 34 731 1
88 38 945 1
3 68 679 1
78 89 48 1
15 43 472 1
10 64 567 1
33 18 31 1
2 72 40 1
2 51 639 1
6 100 683 1
83 2 397 1
96 42 957 1
5 94 189 1
62 72 923 1
7 22 141 1
76 7 771 1
48 8 504 1
58 62 32 1
95 27 878 1
60 20 142 1
63 50 138 1
56 84 855 1
91 40 692 1
45 1 802 1
14 31 8 1
10 45 419 1
71 97 720 1
38 32 352 1
33 74 488 1
9 2 51 1
95 37 602 1
32 24 693 1
20 11 390 1
7 1 496 1
32 39 764 1
3 24 296 1
27 34 521 1
22 52 960 1
67 5 841 1
50 55 261 1
96 10 909 1
6 93 505 1
8 63 63 1
71 8 692 1
59 9 278 1
66 90 315 1
75 44 535 1
44 39 940 1
69 53 480 1
61 93 626 1
35 26 230 0
73 81 976 1
78 15 493 1
54 69 30 1
28 51 317 1
30 75 286 1
53 96 292 1
58 50 558 1
95 80 540 1
61 59 288 1
10 68 639 1
77 47 140 1
90 93 847 1
56 18 944 1
20 32 366 1
63 28 175 1
78 69 324 1
90 14 505 1
53 60 553 1
58 38 14 1
56 3 27 1
39 100 177 1
10 87 940 1
8 62 997 1
75 37 580 1
48 98 5 1
70 94 678 1
89 15 580 1
56 76 132 1
67 88 882 1
84 71 937 1
50 65 734 1
63 91 446 1
52 36 66 1
93 58 12 1
98 26 881 1
97 14 646 1
30 2 450 1
74 93 739 1
91 64 357 1
76 26 567 1
43 21 88 1
31 95 528 1
20 95 968 0
8 29 637 1
30 96 355 1
93 31 620 1
38 40 2 1
79 85 129 1
35 82 1000 1
18 85 107 1
92 36 684 1
18 36 308 1
7 100 796 1
91 97 469 1
33 45 349 1
12 71 747 1
98 21 793 1
79 6 319 1
42 49 744 1
8 37 457 1
57 31 205 1
79 13 802 1
11 26 9 1
53 77 885 1
95 45 400 1
40 93 135 1
43 72 688 1
28 80 129 1
94 11 204 1
64 34 717 1
77 37 668 1
30 19 572 1
11 69 281 1
98 91 43 1
1 81 189 1
78 35 830 1
90 5 496 1
73 95 126 1
18 55 229 1
24 9 73 1
15 52 712 1
40 84 965 1
76 50 405 1
31 40 97 1
7 61 360 1
69 49 320 1
79 18 278 1
69 83 156 1
63 79 621 1
39 68 779 1
50 1 208 1
72 19 694 1
26 63 268 1
37 81 11 1
69 84 405 1
92 59 452 1
80 74 264 1
4 20 983 1
1 6 178 1
26 85 893 1
47 19 481 1
6 88 710 1
44 85 696 1
90 28 662 1
67 21 544 1
5 74 552 1
16 64 62 1
23 48 618 1
76 52 324 1
52 71 918 1
14 47 601 1
98 32 792 1
93 98 486 1
53 61 995 1
78 41 506 1
44 86 790 1
13 80 253 1
50 2 63 1
49 64 98 1
41 39 427 1
24 80 957 1
26 16 674 1
21 93 850 1
81 94 430 1
95 74 795 1
37 7 431 1
37 85 364 1
11 92 749 1
100 72 49 1
45 85 255 1
86 26 667 1
80 40 616 1
98 34 918 1
62 95 361 1
69 38 150 1
56 51 736 1
42 26 839 1
24 21 324 1
78 87 933 1
84 53 77 1
78 64 410 1
64 43 82 1
67 54 288 1
75 17 576 1
98 87 968 1
19 35 54 1
87 7 916 1
78 86 308 1
19 58 31 1
46 40 872 1
56 87 964 1
64 21 810 1
90 38 567 1
76 45 446 1
54 90 951 1
29 61 436 1
99 22 848 1
21 83 46 1
2 98 706 1
64 26 841 1
30 99 710 1
97 58 247 1
57 22 304 1
55 19 148 1
9 66 560 1
69 37 321 1
43 82 849 1
100 28 364 1
81 65 104 1
23 4 673 1
64 59 722 1
99 92 467 1
28 16 962 1
49 34 738 1
89 39 456 1
94 76 973 1
100 75 251 1
48 81 437 0
48 21 539 1
72 77 605 1
96 26 650 1
77 92 377 1
79 65 73 1
83 79 6 1
62 74 399 1
2 8 968 1
9 4 438 1
66 17 144 1
17 13 500 1
91 8 946 1
62 19 226 1
17 73 740 1
41 94 119 1
31 42 996 1
11 7 944 1
31 59 648 1
71 28 213 1
87 55 300 1
25 30 741 1
54 10 594 1
3 27 733 1
20 97 482 1
55 22 286 1
80 58 402 1
38 83 676 1
89 25 14 1
6 52 59 1
16 21 987 1
100 45 31 1
33 92 399 1
67 19 894 1
46 41 458 1
30 94 697 1
14 19 982 1
57 48 16 1
30 54 62 1
45 41 764 1
57 42 754 1
96 84 662 0
54 44 602 1
52 30 196 1
70 56 429 1
22 58 404 0
60 36 507 1
23 63 673 1
13 31 231 1
13 21 256 1
69 82 279 1
10 56 883 1
62 6 633 1
85 2 59 1
64 90 128 1
20 52 132 1
73 70 893 1
51 54 512 1
95 21 33 1
44 8 426 1
92 26 852 1
42 18 613 0
69 31 93 1
53 88 355 1
67 50 613 1
62 25 534 1
90 39 686 1
25 16 165 1
23 89 102 1
53 40 401 1
57 16 251 1
96 4 779 1
5 84 675 1
82 45 958 1
22 35 440 1
88 65 19 1
86 7 33 1
62 7 867 1
90 18 358 1
39 95 539 1
52 66 426 1
52 74 139 1
90 95 706 1
23 37 112 1
46 59 99 1
64 11 315 1
36 7 577 1
8 98 133 1
21 18 227 1
94 51 459 1
49 66 313 1
79 16 784 1
92 28 826 1
12 5 812 1
37 50 658 0
84 25 729 1
87 23 563 1
87 37 66 1
52 8 596 1
35 98 447 1
2 100 39 1
48 69 283 1
93 38 667 1
76 95 379 1
54 97 988 1
95 99 396 1
50 96 499 1
39 33 752 1
15 11 477 1
29 71 622 1
10 92 437 1
38 97 991 1
87 92 972 1
91 1 609 1
72 46 952 1
73 25 425 1
61 58 328 1
48 66 330 1
46 42 660 1
56 17 927 1
62 43 577 1
71 3 891 1
27 66 800 1
29 20 674 1
48 31 591 1
57 26 687 1
98 15 997 1
14 18 530 1
49 15 833 1
30 92 294 1
34 53 319 1
27 79 624 1
46 57 211 1
60 58 104 1
47 67 180 1
72 21 962 1
93 78 938 1
100 12 592 1
22 33 389 1
46 54 220 1
61 45 662 1
23 31 715 1
9 16 530 1
1 32 427 0
27 67 978 1
86 93 224 1
22 34 578 1
24 79 676 1
55 86 540 1
30 39 536 1
89 48 164 1
55 100 229 0
85 25 515 1
33 90 308 1
68 72 30 1
60 38 814 1
23 35 853 1
16 18 271 1
69 22 154 1
68 30 973 1
37 64 372 1
93 4 962 1
17 84 622 1
88 21 527 1
96 13 164 1
17 83 337 1
64 29 553 1
44 52 289 1
7 33 924 1
68 46 455 1
18 35 202 1
40 28 667 1
91 100 360 1
59 26 266 1
10 89 877 1
31 3 663 1
4 62 870 1
22 71 408 1
46 38 401 1
30 9 967 1
45 55 916 1
17 25 58 1
46 9 619 1
79 32 377 1
29 14 532 1
17 28 685 1
72 3 896 1
70 37 990 1
66 33 164 1
41 15 119 1
42 76 934 1
7 48 380 1
31 4 80 1
48 71 688 1
58 35 5 1
53 59 384 1
83 4 66 1
41 21 552 1
67 93 146 1
28 12 610 1
68 100 58 1
51 67 757 1
74 68 243 1
17 37 183 1
29 79 556 1
17 58 543 1
67 16 145 1
73 79 680 1
47 16 552 1
70 39 486 1
27 60 8 1
38 47 180 0
37 74 704 1
89 35 561 1
92 27 439 0
42 63 264 1
2 69 791 1
15 1 475 1
32 59 457 1
14 37 314 1
87 41 608 1
31 27 724 1
90 22 790 1
100 19 86 1
90 99 356 1
87 20 987 1
74 55 559 1
85 35 26 1
56 2 108 1
21 25 82 1
1 82 951 1
61 87 529 1
81 49 317 1
84 49 691 1
50 22 694 1
35 28 835 1
53 66 236 1
14 65 64 1
73 28 756 1
40 100 426 1
60 85 985 1
38 44 914 1
21 100 245 1
88 16 66 1
79 33 415 1
89 70 628 1
70 68 801 1
5 64 331 1
1 22 235 1
87 73 208 1
52 12 712 1
29 18 925 1
12 16 716 1
16 13 400 1
44 31 169 1
66 60 436 1
8 70 95 1
81 96 575 1
90 45 357 1
56 52 881 1
40 66 558 1
79 11 759 1
67 18 699 1
13 44 901 1
64 67 198 1
24 54 831 1
5 11 77 0
23 2 623 1
11 24 889 1
34 85 52 1
2 35 367 1
91 17 705 1
48 73 710 1
2 90 795 1
12 74 142 1
63 4 214 1
8 80 658 1
98 77 964 1
68 94 783 1
3 69 66 1
63 35 33 1
29 54 606 1
67 44 66 1
42 89 563 1
18 76 664 1
71 94 638 1
76 12 751 1
85 16 713 1
19 87 255 1
89 94 838 1
27 17 854 1
4 57 88 1
53 45 823 1
29 83 669 1
28 50 535 1
20 6 346 1
23 33 502 1
65 54 117 1
21 46 69 0
68 60 348 1
94 22 221 1
8 17 727 1
22 53 996 1
18 22 490 1
67 25 386 1
18 70 892 1
22 64 958 1
47 76 442 1
65 6 875 1
33 75 464 1
76 86 302 1
2 40 60 1
91 52 209 1
26 44 110 1
71 95 998 1
99 79 769 1
17 1 18 1
74 67 561 1
63 41 826 1
51 35 227 1
32 3 82 1
81 43 149 1
29 76 554 1
14 9 229 1
26 5 390 1
30 72 201 1
98 7 866 1
60 41 703 1
55 51 683 1
78 85 971 1
73 2 715 1
75 73 672 1
92 49 676 1
99 55 887 1
26 24 257 1
13 61 910 1
62 48 515 1
12 42 966 1
6 15 857 1
43 47 683 1
3 47 967 1
7 30 768 1
34 100 4 1
66 74 155 1
39 3 770 1
59 90 253 1
36 8 190 1
6 92 912 1
22 83 850 1
43 65 66 1
21 63 586 1
88 66 478 1
99 78 402 1
30 37 965 1
69 12 411 1
77 32 597 1
94 49 734 1
84 62 585 1
15 92 175 1
92 16 320 1
97 1 228 1
64 60 792 1
92 41 558 1
65 52 400 1
65 4 979 1
57 44 289 0
63 18 846 1
45 5 255 1
48 64 139 1
96 20 238 1
20 14 456 1
92 69 413 1
9 54 850 1
51 27 356 1
34 5 144 1
96 75 843 1
46 92 817 1
57 72 601 1
10 36 202 1
4 87 965 1
40 96 590 1
75 72 408 1
28 68 623 1
66 39 897 1
56 44 527 1
44 30 891 1
31 18 697 1
82 68 848 1
58 18 806 1
73 27 366 1
5 57 60 1
84 52 366 1
14 55 858 1
2 91 372 1
48 4 173 1
38 52 694 1
61 64 112 1
18 95 653 1
98 96 919 1
74 94 427 1
99 84 72 1
65 45 895 1
58 95 527 1
41 37 839 1
57 96 182 1
42 24 677 1
63 94 769 1
40 6 749 1
31 85 39 1
32 89 973 1
64 81 806 1
39 13 120 1
65 47 704 1
95 48 877 1
84 46 668 1
87 40 450 1
55 58 271 1
35 52 786 1
37 51 36 1
83 70 519 1
86 1 177 1
80 25 432 1
35 16 272 1
67 77 448 1
11 41 426 1
59 83 396 1
36 24 738 1
94 12 73 1
88 82 157 1
13 57 523 1
12 43 627 1
84 9 303 1
34 25 90 1
81 17 305 1
87 94 781 1
90 29 472 1
61 22 972 1
64 75 947 1
49 17 184 1
58 44 637 1
30 46 147 1
80 60 922 1
83 26 543 1
67 62 816 1
41 14 650 1
86 61 368 1
16 40 798 1
18 13 216 1
28 7 669 1
93 76 485 1
41 95 450 1
41 19 127 1
77 88 356 1
36 79 397 1
96 9 471 1
35 70 429 1
79 69 259 1
19 24 782 1
72 74 829 1
3 48 618 1
78 62 209 1
13 81 931 1
64 95 187 1
15 75 451 1
92 18 311 1
4 53 233 1
4 22 116 1
98 10 813 1
99 29 13 0
4 45 207 1
97 81 463 1
82 85 237 1
58 1 412 1
9 1 484 1
13 30 263 1
57 50 364 1
35 21 345 1
74 70 582 1
23 81 835 1
10 7 119 1
30 63 838 1
54 72 902 1
22 85 609 1
53 31 60 1
64 41 280 1
21 3 702 1
17 72 681 1
50 80 507 1
37 47 300 1
42 68 314 1
70 44 939 1
19 90 822 1
98 5 383 1
71 100 571 1
11 82 305 1
47 27 705 1
100 9 197 1
79 75 202 1
74 18 325 1
16 87 279 1
91 58 960 1
49 88 595 1
66 42 465 1
50 11 114 0
5 92 314 1
45 14 269 1
29 97 310 1
23 29 589 1
22 54 871 1
64 18 921 1
62 76 858 1
89 68 930 1
28 45 383 1
7 88 448 1
95 93 497 1
81 50 637 1
72 66 508 1
38 68 223 1
86 79 318 1
15 3 597 1
100 26 212 1
42 45 764 1
31 55 715 1
61 36 629 1
6 22 359 1
33 46 827 1
42 74 673 1
24 12 936 1
99 73 82 1
6 57 264 1
78 88 820 1
14 82 141 1
23 68 925 1
3 91 967 1
24 73 158 1
57 60 529 1
75 95 596 1
35 100 948 1
41 73 715 1
40 73 642 1
63 93 786 1
3 20 384 1
1 19 961 1
62 60 968 1
20 49 99 1
18 61 4 1
28 72 297 1
84 41 557 0
43 88 504 1
99 53 819 1
93 7 413 1
55 59 599 1
8 11 93 1
59 37 992 1
46 75 303 1
78 29 201 1
12 66 723 1
16 80 679 1
54 56 451 1
9 60 356 1
91 19 236 1
93 3 95 1
81 87 692 1
86 14 635 1
64 27 268 1
28 97 587 1
18 73 405 1
96 39 228 1
7 90 292 1
3 67 918 1
86 30 65 1
78 2 795 1
99 85 357 1
58 8 817 1
33 61 577 1
57 23 476 1
39 35 841 1
52 80 463 1
48 24 331 1
44 10 230 0
10 12 368 1
43 100 87 1
9 3 46 1
2 71 629 1
85 4 346 1
43 93 4 1
71 79 114 1
97 19 451 1
89 76 106 1
44 15 372 1
50 34 572 1
37 4 960 1
25 65 976 1
94 91 82 1
85 56 875 1
11 1 210 1
16 59 322 1
60 100 210 1
33 31 572 1
44 87 228 1
94 25 204 1
65 100 482 1
33 56 700 1
66 54 177 1
16 81 159 1
4 32 713 1
81 98 728 1
81 18 585 1
3 22 518 1
2 77 321 1
58 65 364 0
46 11 727 1
76 98 156 1
95 98 792 1
53 68 336 1
53 12 374 1
29 10 257 1
46 70 807 1
77 93 12 1
95 84 903 1
57 36 258 1
48 82 890 0
82 8 632 1
14 87 469 1
29 82 523 1
65 61 473 1
37 5 699 1
6 56 271 1
43 23 193 1
94 90 71 1
62 45 791 1
35 50 241 1
2 81 849 1
3 40 593 1
32 7 157 1
27 59 590 1
50 73 390 1
65 90 661 1
3 28 601 1
28 76 802 1
69 24 332 1
88 30 66 1
88 86 489 1
10 93 526 1
34 97 960 1
91 41 116 1
41 66 232 1
68 76 507 1
13 53 974 1
97 26 431 1
42 16 281 1
32 69 27 0
94 34 820 1
70 47 498 1
27 18 324 1
88 85 278 1
72 24 244 1
14 8 440 1
77 89 922 1
22 67 144 1
13 28 239 1
15 93 602 1
30 78 916 1
21 62 426 1
1 3 915 1
25 88 17 1
31 94 323 1
85 93 999 1
37 12 265 1
18 83 299 1
60 13 432 1
26 41 726 1
95 23 271 1
10 74 192 1
67 35 903 1
35 48 546 1
13 7 74 1
1 57 801 1
5 55 391 1
2 58 814 1
5 17 193 1
6 64 718 1
70 31 549 1
23 9 453 1
61 73 384 1
69 56 596 1
57 61 758 1
53 7 831 1
77 43 320 1
44 36 442 1
45 73 843 1
16 14 224 1
82 79 255 1
49 23 792 1
33 97 824 1
96 62 658 1
4 67 531 1
30 41 778 1
22 24 506 1
20 53 663 1
56 93 612 1
94 53 805 1
39 98 660 1
65 40 846 1
55 73 748 1
40 47 402 1
55 75 934 1
43 2 633 1
100 47 720 1
30 60 65 1
6 18 897 1
65 94 156 1
62 11 421 1
23 3 218 1
22 43 285 1
2 48 66 1
92 72 588 1
78 25 752 1
79 46 437 1
5 3 397 1
75 50 448 1
60 14 331 1
17 98 586 1
83 81 361 1
45 64 707 1
62 70 436 1
71 37 930 1
56 99 890 0
90 71 382 1
3 29 326 1
7 71 219 1
55 69 677 1
46 55 829 1
88 27 691 1
93 36 194 1
22 72 862 1
82 26 927 1
55 68 631 1
10 14 25 1
98 33 542 1
68 78 302 1
73 21 334 1
25 3 806 0
81 91 688 1
100 53 25 1
74 17 892 1
36 69 430 1
16 71 143 1
99 60 857 1
36 63 536 1
15 74 621 1
70 19 557 1
39 55 12 1
34 39 550 1
76 33 118 1
73 15 733 1
47 92 71 1
49 90 39 1
97 40 646 1
35 25 737 1
75 98 748 1
32 40 857 1
89 100 91 1
70 28 966 1
66 29 67 1
26 91 112 1
32 54 654 1
36 41 861 1
83 35 562 1
7 56 29 1
61 17 662 1
53 27 946 1
24 84 773 1
56 27 391 1
63 88 778 1
46 2 399 0
44 3 721 1
60 77 863 1
20 12 122 1
13 38 827 1
26 29 593 1
94 29 573 1
28 82 103 1
68 85 128 1
42 84 650 1
40 5 765 1
86 23 459 1
24 55 224 1
83 33 651 1
30 82 823 1
22 79 861 1
30 45 241 1
47 25 876 1
50 74 521 1
40 62 47 1
1 62 694 1
22 31 284 1
86 63 243 1
40 77 428 1
23 71 1000 1
17 63 934 1
98 36 377 1
97 22 534 1
76 19 896 1
29 36 70 1
88 50 570 1
98 72 94 1
4 71 993 1
85 54 119 1
36 46 875 1
57 88 22 1
46 67 549 1
37 22 309 1
14 96 41 1
84 90 571 1
16 30 872 1
69 100 274 1
50 43 645 1
91 28 884 1
88 31 848 1
80 61 366 1
83 51 150 0
73 100 618 1
30 3 448 1
38 31 968 1
80 55 660 1
49 67 632 1
78 52 459 1
6 43 336 1
10 20 141 1
52 93 880 1
46 43 349 1
41 56 218 1
70 34 863 0
56 60 759 1
38 59 554 1
10 78 168 1
32 56 37 1
19 26 152 1
85 59 464 1
69 14 507 1
62 69 899 1
68 12 574 1
49 61 352 1
89 53 331 1
69 72 301 1
6 73 596 1
8 49 372 1
84 29 182 1
72 84 247 1
94 24 799 1
24 76 588 1
54 4 603 1
43 27 688 1
73 80 173 1
62 29 67 1
90 63 143 1
51 42 834 1
1 67 809 1
19 79 787 1
100 84 699 1
92 54 750 1
98 9 304 1
71 65 177 1
8 21 775 1
85 92 527 1
30 4 967 1
5 44 225 1
99 21 969 1
20 56 883 1
34 95 644 1
25 9 907 1
64 82 268 1
25 99 923 1
72 41 409 1
27 76 98 1
80 17 676 1
60 32 448 1
38 99 510 1
18 5 62 1
27 83 722 1
71 91 354 1
99 68 906 1
95 81 230 1
35 97 246 1
11 91 465 1
64 19 577 1
66 86 537 0
28 56 879 1
34 31 946 1
36 56 399 1
27 91 792 1
29 95 156 1
51 21 25 1
35 69 682 1
40 43 984 1
66 97 994 0
32 73 883 1
24 75 503 1
19 53 898 1
15 69 754 0
63 45 234 1
38 7 875 1
48 1 123 1
43 36 313 1
82 99 148 1
67 40 548 1
52 59 927 1
71 58 313 1
93 11 226 1
61 46 931 1
46 23 960 1
4 12 85 1
94 14 239 0
77 68 37 1
20 16 383 1
21 92 918 1
29 41 153 1
67 39 136 1
21 61 336 1
11 75 390 1
11 71 622 1
2 15 289 1
3 85 482 1
11 100 365 1
89 71 309 1
44 81 914 1
63 81 390 1
65 2 270 1
75 7 94 1
8 46 371 1
51 65 962 1
88 79 299 0
2 66 800 1
88 58 942 1
91 79 15 1
80 4 778 1
46 83 642 1
75 14 870 1
72 10 463 1
88 92 319 1
52 17 765 1
10 100 182 1
68 11 792 1
87 34 281 1
67 33 491 1
97 8 654 1
37 35 89 1
56 59 423 1
65 55 603 1
40 56 799 0
32 16 798 1
48 78 897 1
37 82 77 1
63 32 619 1
90 78 791 1
99 57 931 1
86 69 866 1
18 10 606 1
6 31 59 1
97 69 176 1
5 79 955 1
88 90 799 1
77 75 515 1
32 13 926 1
70 72 608 0
87 79 49 1
52 10 45 1
17 90 453 1
27 36 474 1
42 60 608 1
85 55 992 0
5 1 538 1
49 10 777 1
88 68 372 1
88 69 188 1
27 38 375 1
48 61 330 1
34 90 815 1
13 23 227 1
37 42 328 1
70 98 529 1
18 12 217 1
72 27 351 0
5 80 949 1
92 89 911 1
57 87 880 1
100 66 22 1
16 3 970 1
52 28 952 0
55 38 323 1
61 2 616 1
39 86 533 1
57 68 155 1
89 18 241 1
90 92 722 1
7 3 774 1
22 81 831 1
24 6 726 1
93 96 817 1
85 61 426 1
25 76 647 0
29 81 72 1
73 85 475 1
22 44 458 1
4 69 307 1
61 83 407 1
92 51 117 1
78 57 537 1
67 41 356 1
99 86 334 1
94 59 234 1
90 41 217 1
4 1 828 1
95 7 662 1
35 24 800 1
9 39 999 1
79 21 514 1
15 59 861 1
74 65 242 1
37 48 467 1
49 100 560 1
100 51 841 1
13 67 332 1
69 8 842 1
24 14 737 1
20 33 71 1
35 41 536 1
69 76 162 1
19 98 154 1
59 2 421 1
80 22 859 1
11 67 146 1
86 10 444 1
12 60 700 1
51 64 651 1
22 70 729 1
10 83 983 1
6 80 17 1
91 67 815 1
47 58 793 1
31 46 970 1
15 82 680 1
61 19 306 1
28 69 107 1
84 70 85 1
71 44 684 1
76 30 4 1
51 96 851 1
41 88 19 1
45 37 120 1
59 54 575 1
5 25 457 1
86 89 189 1
49 32 945 1
23 21 277 1
70 60 307 1
48 13 983 1
7 70 626 1
39 25 913 1
89 93 541 1
1 74 1000 1
35 87 31 1
62 17 520 1
48 70 688 1
14 91 127 1
45 81 158 1
77 66 190 1
35 27 473 1
93 97 940 1
19 15 484 1
5 7 801 1
87 62 319 1
51 7 775 1
24 90 242 1
56 45 812 1
60 98 847 1
77 42 245 1
87 21 204 1
48 38 651 1
92 23 203 1
19 31 591 0
25 18 678 1
25 10 511 1
67 43 566 1
33 9 508 1
83 90 307 1
55 37 751 1
79 68 291 1
7 82 773 1
38 9 906 1
68 31 402 1
8 90 614 1
64 56 231 1
62 97 226 0
66 84 270 1
44 4 263 1
76 10 530 1
41 100 500 1
25 75 85 1
30 24 101 1
63 52 203 1
55 28 765 1
12 95 281 1
51 48 324 1
99 39 512 1
94 44 912 1
60 4 537 1
86 4 907 1
54 19 708 1
92 1 765 1
52 27 693 1
89 84 48 1
39 48 74 1
93 18 391 1
69 85 950 1
77 21 765 1
56 13 994 1
13 1 345 1
22 48 954 1
80 35 320 1
72 94 801 1
9 77 773 1
99 44 489 1
24 71 100 1
2 13 617 1
60 69 46 1
10 19 909 1
49 39 524 1
24 63 168 1
31 20 943 1
63 55 406 1
19 38 629 1
56 78 322 1
52 89 300 1
13 20 488 1
59 23 22 1
95 49 255 0
54 47 748 1
27 100 415 1
3 80 267 0
51 19 585 1
77 11 963 1
54 17 497 1
64 84 140 0
50 68 204 1
71 50 576 1
11 42 116 1
87 60 336 1
39 78 361 1
79 40 364 1
20 76 178 1
20 26 532 1
48 63 813 1
48 68 378 1
42 78 194 1
8 60 901 1
86 77 801 1
6 78 849 1
29 17 829 1
33 96 627 1
96 28 551 1
34 83 426 1
31 25 401 1
69 5 315 1
16 38 704 1
70 87 912 1
65 46 219 1
48 20 925 1
8 13 890 1
37 3 493 1
97 63 818 1
8 83 177 1
69 18 685 1
3 62 930 1
35 79 577 1
91 73 567 0
37 2 804 1
53 35 608 1
37 34 278 1
56 14 236 1
42 20 832 1
61 72 412 1
57 51 805 1
86 54 250 1
37 28 55 1
34 28 474 1
41 18 187 1
40 11 955 1
50 86 224 1
10 63 761 1
87 76 379 1
93 13 185 1
82 10 283 1
58 82 996 1
57 12 602 1
25 43 747 1
38 14 19 1
74 59 910 1
60 17 123 1
87 65 260 1
60 65 338 1
18 48 755 1
34 84 388 1
76 13 520 1
22 77 929 1
52 75 607 1
86 56 209 1
8 26 354 1
86 27 912 1
13 54 140 1
60 40 647 1
20 45 664 1
4 59 926 1
19 12 827 1
38 20 703 1
90 26 249 1
99 19 917 1
95 61 881 1
21 50 799 1
70 65 765 0
46 14 766 1
25 68 118 1
18 20 377 1
36 6 132 1
71 10 921 1
92 8 428 1
9 41 242 1
51 18 330 1
74 54 885 1
12 36 772 1
28 59 1000 1
29 69 511 1
89 61 338 1
92 100 70 1
57 98 585 1
36 49 56 1
45 89 540 1
72 88 777 1
25 63 458 1
84 77 641 1
75 16 182 1
94 64 987 1
73 90 657 1
49 44 577 1
40 8 710 1
86 15 452 1
76 32 364 1
57 95 244 1
84 51 239 1
88 18 675 1
41 16 706 1
50 5 124 1
18 11 872 1
2 4 636 1
74 96 433 1
53 86 490 1
46 97 434 1
33 91 480 1
49 79 623 1
26 40 231 1
25 74 653 1
95 17 986 1
7 46 330 1
61 100 38 1
60 91 454 1
59 21 861 1
71 51 309 1
38 81 965 1
19 17 90 1
15 39 905 1
51 22 760 1
56 77 476 1
87 2 514 1
14 12 614 1
98 30 636 1
83 60 941 1
51 89 627 1
96 72 593 1
78 28 678 1
77 74 87 1
88 55 815 1
79 42 582 1
45 88 688 1
16 90 634 1
98 67 586 1
59 44 817 1
32 27 404 1
17 21 404 1
85 33 176 1
45 6 647 1
32 81 575 1
9 78 926 1
92 3 43 1
76 34 450 1
39 42 399 1
20 88 676 1
30 89 788 1
38 54 44 1
77 61 277 1
99 88 188 1
94 47 806 1
48 19 759 1
23 27 316 1
73 96 390 1
8 61 227 1
31 29 778 1
87 39 732 1
27 37 895 1
68 90 240 1
46 10 277 1
6 77 148 1
8 88 38 1
64 54 562 1
63 95 253 1
66 95 27 1
42 88 178 1
91 32 729 1
52 26 923 1
87 90 376 1
42 86 322 1
12 63 825 1
92 38 558 1
89 79 210 1
49 46 199 1
80 96 466 1
37 72 679 1
52 69 265 1
92 7 564 1
35 32 837 1
8 42 917 1
7 81 187 1
46 29 448 1
96 88 542 1
35 5 679 1
94 97 205 1
33 26 893 1
19 81 626 1
57 21 599 1
62 80 848 1
78 98 472 0
94 62 579 1
87 83 506 1
15 31 627 1
93 34 107 0
23 19 756 1
51 20 689 1
40 76 842 1
4 94 137 1
74 78 900 1
40 45 767 1
50 87 729 1
3 74 829 1
28 19 376 1
14 89 646 1
27 9 582 1
68 13 223 1
75 78 88 1
90 97 868 1
49 83 354 1
76 67 696 1
41 68 68 1
97 16 602 1
16 82 257 1
24 38 572 1
73 31 483 1
23 53 796 1
49 71 6 1
45 43 717 1
52 47 453 1
58 10 954 1
88 59 134 1
20 69 153 1
62 66 902 1
64 38 11 1
15 54 97 1
4 79 882 1
98 61 900 1
84 81 647 1
81 34 584 1
67 100 765 1
12 15 616 1
59 68 328 1
83 72 46 1
39 69 358 1
89 67 999 1
48 90 725 1
75 40 715 1
87 63 787 1
96 87 34 1
47 85 68 1
74 48 169 1
7 18 66 1
55 21 755 1
42 71 588 1
27 15 893 1
36 95 961 1
82 87 187 1
4 35 811 1
90 30 669 1
61 26 435 1
2 21 589 1
50 12 783 1
18 37 465 1
28 33 495 1
83 14 721 1
96 8 817 1
60 67 227 1
83 76 759 1
1 69 567 1
45 68 310 1
16 78 98 1
23 65 867 1
76 46 551 1
17 50 947 1
46 52 368 1
88 28 572 1
35 74 599 1
34 26 199 1
87 89 441 1
37 58 27 1
13 86 998 1
64 99 865 1
27 48 864 1
88 84 174 1
12 31 538 1
10 59 222 1
54 18 273 1
75 5 370 1
79 37 502 1
51 29 478 1
66 31 203 1
8 6 579 1
92 44 922 1
79 9 296 1
98 68 293 1
57 94 568 1
24 68 271 1
55 72 399 1
68 36 652 1
6 99 830 1
76 31 231 1
17 76 3 1
43 92 987 1
42 50 566 1
61 92 650 1
64 12 158 1
14 49 229 1
2 7 285 1
34 86 78 1
84 31 38 1
31 36 531 1
17 69 514 1
70 55 552 1
42 23 146 1
26 62 709 1
75 35 725 1
30 34 392 1
1 39 683 1
36 66 335 1
2 28 644 1
52 19 921 1
7 77 686 1
34 69 334 1
16 95 63 1
3 76 704 1
98 79 406 1
50 61 21 1
48 100 1 1
86 97 853 1
99 71 96 1
38 76 145 1
75 57 660 1
97 70 670 1
24 58 950 1
14 76 619 1
30 73 338 1
36 65 512 1
92 78 434 1
68 56 791 1
24 87 766 1
95 54 5 1
42 81 796 1
98 64 298 1
4 15 797 1
95 15 417 1
26 75 938 1
46 1 914 1
57 71 609 1
8 74 963 1
68 29 318 1
18 40 224 1
5 15 578 1
100 56 871 1
32 83 542 1
17 55 520 1
74 16 420 1
85 17 954 1
93 73 944 1
14 68 657 1
59 1 600 1
27 80 578 1
99 89 210 1
43 87 462 1
33 36 743 1
79 25 278 1
39 7 164 1
21 97 707 1
24 77 57 1
45 2 475 1
52 42 943 1
87 91 49 1
41 54 218 1
9 69 553 1
31 10 11 1
33 82 582 1
87 53 666 1
36 1 200 1
13 27 73 1
12 90 159 1
55 83 693 1
8 66 890 1
26 79 658 1
29 38 836 0
58 30 454 1
40 19 420 1
44 35 977 1
79 55 301 1
12 51 851 1
38 96 655 1
57 55 416 1
40 68 119 1
67 69 968 1
66 63 133 1
51 79 371 1
6 38 764 1
5 46 300 1
69 47 963 1
17 48 340 1
19 32 310 1
27 82 833 1
42 93 961 1
28 44 225 1
92 34 770 1
73 94 853 1
3 100 429 1
33 77 474 1
43 78 870 1
74 88 417 1
21 70 946 1
63 39 166 1
58 73 452 1
3 33 276 1
20 67 541 1
38 51 635 1
23 79 322 1
83 65 209 1
97 3 194 1
37 68 150 1
57 40 938 1
54 7 300 1
82 100 378 1
3 79 783 1
70 61 687 1
11 72 67 1
64 35 669 1
39 57 462 1
40 17 909 1
77 13 439 1
3 96 168 1
20 46 110 1
3 55 794 1
53 17 96 1
91 80 76 1
48 56 926 1
90 6 30 1
87 75 782 0
11 61 954 1
86 28 260 1
6 60 899 1
59 12 736 1
12 62 606 1
8 47 513 1
7 41 779 1
61 39 763 1
77 39 800 1
11 88 682 1
41 71 517 1
58 79 705 1
67 6 434 1
13 37 767 1
14 80 381 1
25 92 137 1
20 92 651 1
85 87 458 1
41 97 276 1
54 40 76 1
70 59 654 1
63 85 53 1
13 94 538 1
70 38 984 1
78 59 414 1
55 27 493 1
46 63 315 1
42 27 197 1
83 75 406 1
14 79 451 1
92 31 589 1
44 62 971 1
86 3 294 1
88 93 131 1
20 15 623 1
93 47 212 1
48 25 872 1
64 3 786 1
52 58 309 1
86 90 675 1
22 26 666 1
99 50 14 1
52 49 857 1
23 56 631 1
59 96 26 1
28 64 406 1
85 80 543 1
74 84 53 1
37 65 709 1
47 6 519 1
13 47 537 1
9 40 682 1
71 25 235 1
67 92 175 1
83 48 658 1
79 45 579 1
91 55 497 1
70 29 460 1
83 57 657 1
92 57 168 1
30 59 504 0
94 46 383 1
92 64 300 1
84 54 913 1
26 54 564 1
32 88 321 1
40 33 5 1
74 14 209 1
49 31 471 1
8 87 293 1
92 94 949 1
14 85 764 1
5 68 367 1
1 71 886 1
72 35 579 1
71 73 464 1
85 91 405 1
1 23 369 1
6 89 409 1
84 7 249 1
34 48 6 1
28 53 234 1
97 43 629 1
38 18 523 1
56 75 600 1
48 11 259 1
60 95 346 1
15 87 631 1
98 41 990 1
7 63 519 1
38 4 139 1
65 67 671 1
62 18 330 1
68 1 680 1
3 61 19 1
2 14 63 1
32 14 569 1
60 49 79 1
80 49 777 1
43 9 182 1
64 52 742 1
13 88 438 1
69 65 615 1
15 22 434 1
39 65 584 1
50 91 343 1
44 89 258 1
63 78 221 1
75 80 166 1
93 64 455 1
53 92 548 1
52 81 213 1
28 46 720 1
68 15 51 1
62 52 256 1
36 94 17 1
72 29 579 1
57 19 918 1
70 67 289 1
40 42 122 1
50 25 858 1
3 45 888 1
91 99 888 1
67 53 827 1
21 40 947 1
57 82 948 1
52 99 80 1
21 60 605 1
58 39 384 1
23 54 706 1
83 58 171 1
42 85 108 1
66 58 433 0
19 89 679 1
62 86 903 1
11 89 671 1
28 83 106 1
80 67 838 1
23 60 844 1
59 72 76 1
1 24 134 1
97 85 958 1
92 55 624 1
12 97 793 1
36 11 588 1
77 41 359 1
42 47 729 1
12 3 604 1
40 98 498 1
78 84 504 1
58 53 194 1
37 57 615 1
40 24 963 1
22 82 228 1
61 24 259 1
57 38 96 1
15 85 36 1
16 58 728 1
16 72 180 1
42 14 841 1
13 64 765 1
91 24 377 1
65 44 849 1
34 51 465 1
83 6 542 1
41 65 133 1
62 32 954 1
44 33 10 0
87 67 860 1
99 80 939 1
30 61 836 1
67 86 797 1
89 7 533 1
41 38 147 1
36 23 55 1
42 59 782 1
23 39 715 1
42 25 435 1
6 91 231 1
11 29 865 1
50 69 924 1
26 17 108 1
45 38 575 1
47 95 201 1
75 20 735 1
43 63 581 1
17 23 385 1
6 44 66 1
28 65 158 1
7 64 698 1
51 41 259 1
60 52 739 1
45 35 454 1
40 61 409 1
59 5 684 1
87 93 226 1
53 70 441 1
79 59 131 1
47 57 983 1
83 7 172 1
98 18 653 1
9 52 348 1
35 43 453 1
6 72 452 1
80 33 97 1
40 35 237 1
41 47 614 1
58 3 616 1
26 99 905 1
53 79 659 1
95 97 387 1
64 50 130 1
48 41 899 1
72 42 93 1
37 80 183 1
53 49 144 1
80 39 171 1
44 95 770 1
17 14 672 1
6 33 43 1
50 13 254 1
13 62 992 1
72 8 77 1
71 56 47 1
71 43 822 1
47 44 941 1
49 45 941 1
47 60 539 1
58 29 721 1
83 54 251 1
71 75 555 1
56 50 903 1
36 16 87 1
20 84 435 1
77 94 597 1
64 30 582 1
90 3 567 1
65 17 443 1
92 2 775 1
74 19 938 1
54 70 402 1
16 70 779 1
21 89 252 1
35 38 640 1
9 70 772 1
74 9 795 1
49 86 339 1
35 99 83 1
64 83 498 1
94 61 328 1
1 60 596 1
55 76 586 1
75 19 281 1
87 29 302 1
87 64 710 1
69 75 176 1
6 86 157 1
87 32 228 1
79 90 258 1
51 99 268 1
54 34 367 1
30 93 829 1
1 35 256 1
84 50 986 1
95 22 977 1
100 36 430 1
84 57 454 1
54 89 466 1
87 13 665 1
20 61 155 1
40 71 5 0
1 85 815 1
43 48 515 1
83 13 723 1
31 81 981 1
9 64 66 1
44 23 224 1
99 76 708 1
58 67 272 1
65 62 158 1
34 91 779 1
90 42 99 1
42 58 858 1
71 6 304 1
100 23 903 1
96 82 789 1
6 58 543 1
9 94 124 1
70 88 838 1
64 24 332 1
43 7 667 1
82 62 99 1
72 95 44 1
47 50 92 1
81 6 571 1
15 76 697 1
8 12 895 1
87 51 512 1
82 72 805 1
77 100 57 1
65 30 976 1
24 60 951 1
22 36 645 1
51 81 130 1
45 93 337 1
70 63 56 1
28 66 575 1
68 97 119 1
100 74 977 1
99 75 970 1
99 46 635 1
48 9 287 1
21 12 617 1
78 8 687 1
61 23 360 1
31 71 515 1
7 65 290 1
3 54 163 1
94 19 763 1
36 25 479 1
17 57 146 1
24 95 322 1
75 8 280 1
3 82 919 1
65 32 450 1
99 3 944 1
56 94 474 1
55 11 481 1
39 50 681 1
12 30 961 1
62 10 732 1
40 85 949 1
9 99 505 1
15 53 75 1
20 59 260 1
94 32 285 1
77 59 971 1
96 78 534 1
5 77 384 1
7 99 729 1
3 59 889 1
22 16 407 1
39 28 102 1
80 41 868 1
66 3 595 1
9 68 347 1
26 73 64 1
97 65 379 1
84 37 49 1
66 26 413 1
56 98 429 1
88 64 384 1
63 82 91 1
57 100 252 1
97 83 893 1
40 15 275 1
37 90 614 1
80 45 678 1
33 13 921 1
98 31 21 1
8 54 551 1
46 60 440 1
32 92 405 1
33 51 505 1
30 26 551 1
94 45 397 1
2 33 511 1
19 11 709 1
1 83 644 1
79 92 405 1
82 65 82 1
5 89 747 1
47 18 254 1
24 56 529 1
43 26 408 1
73 67 334 1
22 66 741 1
48 87 417 1
7 74 178 1
98 51 697 1
19 44 942 1
7 16 65 1
34 45 792 1
18 8 977 1
53 36 511 1
76 88 429 1
82 80 636 1
6 27 500 1
87 74 221 1
56 73 379 1
69 71 669 1
63 9 349 1
21 34 777 1
41 96 709 1
30 80 155 1
38 1 950 1
100 29 998 1
55 40 202 1
93 39 424 1
18 65 369 1
46 16 552 1
75 21 667 1
73 14 467 1
36 26 977 1
29 37 815 1
85 8 871 1
4 51 547 1
16 65 951 1
42 53 471 1
94 75 413 1
97 79 273 1
100 90 603 0
33 16 697 1
18 100 496 1
40 82 964 1
61 34 469 1
59 98 421 1
71 30 640 1
52 21 827 1
72 15 865 1
41 79 276 1
15 13 788 1
16 49 487 1
16 55 502 1
16 54 884 1
29 56 776 1
33 14 700 1
25 55 78 1
91 89 798 1
61 28 345 1
25 32 162 1
81 92 939 1
66 10 306 1
77 1 1000 1
95 28 971 1
5 30 923 1
6 98 873 1
82 25 29 1
84 3 394 1
10 40 838 1
10 91 900 1
53 5 603 1
37 11 115 1
57 76 423 1
72 23 689 1
41 61 832 1
27 54 783 1
6 4 17 1
71 83 212 1
56 79 761 1
39 10 358 1
23 5 745 1
49 99 882 1
58 94 49 1
55 77 803 1
87 100 399 1
85 62 715 1
53 97 797 1
74 46 101 1
50 18 494 1
17 97 801 1
20 5 60 1
22 41 693 1
47 55 848 1
11 23 452 1
94 86 861 1
45 29 302 1
48 26 833 0
33 41 611 1
6 13 887 1
8 3 935 1
37 46 369 1
60 50 501 1
38 25 297 1
60 45 405 1
68 54 954 1
13 84 332 1
74 79 724 1
17 36 668 1
67 94 306 1
69 64 58 1
50 36 594 1
27 50 996 1
45 78 408 1
66 20 260 1
54 62 439 1
67 56 999 1
49 59 10 1
84 32 299 1
12 34 113 1
26 31 319 1
92 14 358 1
30 32 393 1
33 15 195 1
15 96 356 1
39 54 656 1
88 10 543 1
76 80 303 1
64 57 529 1
1 56 998 1
72 81 854 1
54 6 504 1
71 14 433 0
99 31 222 1
42 54 599 1
10 73 185 1
53 6 898 1
98 37 610 1
10 51 500 1
27 40 810 1
89 3 62 1
71 32 330 1
11 59 294 1
6 9 656 1
83 16 244 1
97 37 2 1
13 49 739 1
4 66 379 1
38 63 82 1
19 83 948 1
91 65 902 1
50 52 533 1
43 13 937 1
100 16 93 1
36 9 1000 1
25 64 513 1
71 86 480 1
41 4 300 0
72 13 601 1
25 86 526 1
88 15 637 1
7 42 302 1
98 49 775 1
76 6 820 1
23 94 223 1
1 28 143 1
45 22 693 1
10 75 484 1
1 89 555 1
53 72 594 1
6 28 280 1
42 3 470 1
54 82 280 1
18 26 681 1
76 81 850 1
18 43 600 1
28 89 615 1
32 48 271 1
27 30 475 1
74 34 642 1
25 95 751 1
28 8 90 1
26 23 386 1
16 37 300 1
67 90 952 1
29 6 928 1
32 18 395 1
37 52 473 1
6 49 870 1
3 70 377 1
67 12 438 1
26 14 248 1
37 93 923 1
59 99 413 1
49 12 568 1
51 82 139 1
66 6 478 1
2 34 751 1
23 45 558 1
71 77 926 1
4 56 621 1
98 3 852 1
84 86 307 1
47 97 30 1
36 80 200 1
11 32 146 1
70 14 332 1
88 26 317 1
27 24 673 1
72 32 613 1
35 90 393 1
40 51 982 1
95 100 934 1
13 4 353 1
29 96 55 1
39 11 106 1
7 20 8 1
30 62 814 1
42 6 971 1
77 51 889 1
48 72 509 1
66 99 207 1
49 91 181 1
70 91 11 1
77 18 724 1
89 62 486 1
27 71 876 1
10 21 936 1
64 2 229 1
17 38 373 1
5 65 989 1
43 61 135 1
4 75 108 1
100 81 310 1
97 44 760 1
84 43 581 1
5 8 747 1
64 4 200 1
21 76 777 1
76 60 929 1
43 19 395 1
48 52 190 1
84 1 266 1
81 56 850 1
5 58 725 1
75 68 835 1
10 8 167 0
8 65 263 1
51 76 65 1
44 63 963 1
53 44 803 1
22 96 541 1
92 40 98 1
32 52 853 1
77 38 720 1
99 47 282 1
81 25 160 0
42 99 605 1
65 22 482 1
40 59 772 1
10 95 726 1
71 92 336 1
35 12 266 1
8 68 418 1
20 24 92 1
65 56 334 1
32 95 666 1
20 90 713 1
75 43 392 0
61 79 132 1
20 72 919 1
13 66 491 1
54 48 746 1
81 61 141 1
99 48 619 1
63 13 755 1
46 3 578 1
63 100 913 1
95 89 859 1
25 46 536 1
95 43 392 1
57 52 478 1
68 17 837 1
1 72 95 1
23 85 330 1
40 30 336 1
11 28 959 1
