100 4899
1 2 870 1
2 3 494 1
3 4 132 0
4 5 87 1
5 6 8 1
6 7 47 1
7 8 100 1
8 9 351 1
9 10 571 1
10 11 347 1
11 12 146 1
12 13 367 1
13 14 761 1
14 15 364 1
15 16 134 1
16 17 945 1
17 18 780 1
18 19 399 1
19 20 452 1
20 21 82 1
21 22 163 1
22 23 790 1
23 24 563 1
24 25 174 1
25 26 21 1
26 27 533 1
27 28 329 1
28 29 765 1
29 30 584 1
30 31 576 1
31 32 39 1
32 33 841 1
33 34 476 1
34 35 131 1
35 36 540 1
36 37 62 1
37 38 391 1
38 39 684 1
39 40 938 1
40 41 75 1
41 42 442 1
42 43 888 1
43 44 780 1
44 45 877 1
45 46 895 1
46 47 967 1
47 48 390 1
48 49 295 1
49 50 729 1
50 51 198 1
51 52 432 1
52 53 593 1
53 54 822 1
54 55 682 1
55 56 346 1
56 57 185 1
57 58 732 1
58 59 667 1
59 60 106 1
60 61 632 1
61 62 174 1
62 63 120 1
63 64 608 1
64 65 167 1
65 66 929 1
66 67 79 1
67 68 736 1
68 69 937 1
69 70 365 1
70 71 310 1
71 72 846 1
72 73 767 1
73 74 959 1
74 75 907 1
75 76 133 1
76 77 589 1
77 78 536 1
78 79 420 1
79 80 183 1
80 81 906 1
81 82 138 1
82 83 309 1
83 84 11 1
84 85 771 1
85 86 621 1
86 87 554 1
87 88 459 1
88 89 419 1
89 90 747 1
90 91 900 1
91 92 159 1
92 93 751 1
93 94 93 1
94 95 496 1
95 96 773 1
96 97 206 1
97 98 224 1
98 99 562 1
99 100 509 1
77 7 928 1
17 100 519 1
74 83 710 1
64 59 507 1
31 95 436 1
79 71 922 1
67 73 799 1
81 93 510 1
99 40 567 1
39 46 564 1
80 48 143 1
58 42 89 1
88 99 967 1
21 87 987 1
59 25 891 1
17 92 167 1
84 88 474 1
34 70 113 1
69 63 427 1
4 61 391 1
59 42 131 1
28 100 438 1
25 55 793 1
98 80 733 1
20 44 853 1
65 96 486 1
58 24 113 1
36 30 246 1
23 64 851 1
15 94 991 1
100 68 597 1
100 95 19 1
38 88 55 1
83 39 740 1
15 3 50 1
84 58 506 1
8 88 348 1
30 16 313 1
12 66 893 1
84 97 306 1
51 62 842 1
53 11 556 1
12 79 707 1
36 86 196 1
73 46 655 1
19 25 78 1
17 62 449 1
20 76 268 1
78 64 41 1
94 83 581 1
69 29 293 1
75 70 287 1
31 66 209 1
95 80 668 1
28 41 889 1
8 63 237 1
78 73 671 1
55 77 375 1
5 79 631 1
100 66 630 1
83 80 277 1
11 60 890 1
52 42 760 1
56 33 633 1
57 73 912 1
1 58 206 1
88 57 387 1
75 5 909 1
85 6 147 1
17 85 169 1
27 19 534 1
3 75 360 1
100 73 900 1
30 60 417 1
17 93 243 1
97 24 833 1
29 88 98 1
73 20 351 1
38 45 892 1
71 2 70 1
75 73 356 1
85 78 753 1
70 80 467 1
3 97 883 1
85 30 409 1
49 97 938 1
82 64 432 1
85 22 758 1
77 93 801 1
45 57 591 1
75 86 426 1
21 23 152 1
31 56 141 1
45 93 226 1
8 82 693 1
55 18 231 0
10 37 106 1
94 67 68 1
5 82 925 1
57 52 139 1
7 28 403 1
21 18 728 1
51 42 905 1
59 74 220 1
62 22 555 1
89 20 493 1
53 19 261 1
70 44 428 1
72 31 844 1
48 63 850 1
56 47 214 1
20 40 881 1
14 9 202 1
80 14 984 1
32 14 354 1
9 44 732 1
26 15 173 1
29 50 684 0
96 27 867 1
18 81 531 1
41 86 620 1
99 29 283 1
94 100 303 1
43 68 868 1
83 61 263 1
10 65 705 1
43 95 960 1
28 69 368 1
7 26 905 1
55 43 700 1
94 74 336 1
94 88 728 1
48 98 157 1
14 36 656 1
15 10 457 1
29 9 768 1
66 41 504 1
40 55 842 1
42 75 148 1
2 76 391 1
79 96 161 1
30 32 232 1
88 98 374 1
66 58 479 1
13 54 142 1
47 75 775 1
23 69 219 1
60 37 990 1
32 93 861 1
24 19 764 1
68 36 85 1
45 51 458 1
56 97 902 1
23 19 645 1
87 81 998 1
87 100 136 1
12 60 655 1
23 26 311 1
10 87 173 1
44 16 847 1
69 92 596 1
88 3 203 1
53 44 691 1
43 82 806 1
93 36 15 1
61 55 171 1
41 38 537 1
5 64 874 1
55 51 794 1
5 49 757 1
92 42 687 1
75 78 167 1
13 4 926 1
96 51 438 1
87 51 121 1
76 59 197 1
53 75 201 1
42 83 369 1
12 18 176 0
73 68 531 1
77 96 123 1
86 19 238 1
91 53 761 1
49 1 945 1
1 70 742 1
4 58 15 1
27 97 999 1
64 43 692 1
39 13 824 1
83 90 25 1
42 61 42 1
61 24 261 1
45 70 101 1
79 16 757 1
64 57 227 1
52 88 490 1
52 35 387 1
25 29 718 1
90 48 50 1
23 97 619 1
18 69 648 1
84 86 700 1
94 59 845 1
34 1 350 1
87 58 950 1
76 68 387 1
69 71 683 1
89 53 908 1
93 4 638 1
14 63 463 1
10 68 444 1
70 50 648 1
99 76 247 1
62 87 497 1
70 5 20 1
64 100 708 1
3 43 668 1
6 80 267 1
99 93 568 1
94 11 944 1
38 33 352 1
20 58 441 1
14 100 978 1
99 18 754 1
21 65 903 1
84 60 793 1
79 40 746 1
83 93 324 1
44 1 743 1
41 46 653 1
23 92 760 1
45 29 418 1
46 2 629 1
13 66 491 1
5 76 939 1
20 18 715 1
18 46 111 1
91 50 466 1
93 84 538 1
12 17 457 1
18 78 730 1
43 58 99 1
85 60 304 1
77 2 947 1
47 78 389 1
27 71 719 1
54 82 617 1
99 66 268 1
43 62 185 1
19 22 555 1
81 23 110 1
24 79 22 1
56 64 934 1
86 68 691 1
2 64 952 1
30 84 472 1
46 20 664 1
41 95 274 1
18 80 393 1
11 42 466 1
57 77 942 1
96 56 949 1
19 42 300 1
26 19 671 1
90 32 583 1
26 56 495 1
88 42 98 1
83 54 39 1
30 66 677 0
21 67 140 1
8 25 33 1
95 62 385 1
45 41 523 1
48 74 735 1
67 56 549 1
9 47 90 1
12 70 185 1
36 44 595 1
20 66 615 1
80 82 424 1
74 69 122 1
56 60 40 1
60 79 498 1
68 49 686 1
33 54 408 1
100 1 627 1
67 5 717 1
28 34 326 1
55 82 411 1
41 61 852 1
91 87 311 1
87 67 572 1
72 77 871 1
29 56 895 1
60 10 188 1
95 99 850 1
80 56 272 1
16 13 159 1
51 23 837 1
89 16 512 1
44 91 472 1
46 35 806 1
44 28 739 1
26 61 5 1
16 51 183 1
15 50 665 1
72 61 212 1
77 13 920 0
3 61 700 1
95 57 539 1
85 1 462 1
61 20 528 1
70 46 784 1
96 3 119 1
64 52 540 1
11 66 202 1
11 22 747 1
75 30 187 1
49 26 270 1
5 19 204 1
37 94 819 1
85 71 148 1
88 44 453 1
55 11 756 1
9 53 669 1
39 37 5 1
58 17 462 1
35 64 24 1
9 24 94 1
94 69 481 1
13 93 819 1
27 64 563 1
32 54 478 1
59 9 791 1
54 91 563 1
14 97 507 1
18 52 182 1
44 25 899 1
40 26 655 1
41 98 192 1
27 70 973 1
5 66 460 1
8 39 477 1
90 80 734 1
56 58 747 1
35 50 775 1
48 60 774 1
82 22 542 1
99 2 967 1
13 91 373 1
29 41 719 1
72 7 379 1
64 39 98 1
89 77 636 1
36 42 369 1
63 11 14 1
64 21 977 1
11 80 691 1
72 97 243 1
3 64 218 1
68 91 892 1
78 61 290 1
29 100 891 1
13 64 644 0
92 25 392 1
15 95 224 1
90 43 462 1
12 41 231 1
83 35 560 1
95 59 476 1
58 53 870 1
16 80 459 1
4 88 318 1
35 90 824 1
84 32 347 1
24 47 607 1
82 51 628 1
9 19 866 1
87 39 952 1
98 58 199 1
28 25 320 1
48 23 537 1
22 27 399 1
85 16 402 1
44 58 298 1
75 92 62 1
30 24 779 1
78 9 317 1
92 35 613 1
61 50 445 1
65 11 760 1
58 95 231 1
8 91 24 1
69 35 98 1
95 9 627 1
88 58 254 1
22 73 884 1
17 20 814 1
79 66 688 1
12 92 871 1
82 24 803 1
10 71 705 1
80 66 619 1
75 43 96 1
15 27 83 1
98 77 328 1
94 79 905 1
23 85 456 1
8 68 870 1
90 10 321 1
27 56 102 1
98 15 664 1
41 80 390 1
8 93 301 1
72 84 146 1
21 31 580 1
50 11 39 1
20 74 246 1
81 50 530 1
64 48 856 1
79 38 86 1
31 14 654 1
49 94 821 1
24 51 973 1
61 49 32 1
78 55 976 1
85 39 629 1
47 5 43 1
90 49 579 1
2 9 652 1
29 95 29 1
19 67 182 1
98 56 727 1
10 30 146 1
21 29 367 1
34 93 875 1
41 21 42 1
29 77 609 1
24 98 694 1
16 71 314 1
26 82 787 1
63 46 83 1
27 59 460 1
86 43 843 1
20 80 395 1
29 11 445 1
81 15 958 1
48 1 310 1
47 29 373 1
39 45 541 0
58 21 191 1
64 70 935 1
1 78 229 1
40 68 473 1
30 33 526 1
43 33 987 1
5 96 840 1
36 41 770 1
83 23 139 1
9 91 737 1
20 55 296 1
27 42 857 1
75 68 169 1
100 40 356 1
87 89 275 1
81 54 964 1
29 87 137 1
77 69 48 1
23 34 550 1
75 77 1 1
21 95 27 1
50 21 844 1
15 77 968 1
66 53 891 1
52 59 795 1
60 50 269 1
3 66 623 1
60 97 809 1
17 69 611 1
20 5 835 1
81 28 646 1
32 38 283 1
30 59 52 1
27 67 789 1
89 29 390 1
90 53 945 1
15 30 367 1
64 30 465 1
27 77 967 1
11 1 40 1
59 93 37 1
59 61 348 1
41 14 730 1
67 99 433 1
28 23 91 1
4 96 583 1
24 13 235 1
26 24 69 1
60 80 237 1
79 70 720 1
51 69 325 1
1 45 652 1
87 3 445 1
85 75 85 1
9 22 486 1
45 35 556 1
66 35 697 1
56 95 907 1
63 33 915 1
29 82 367 1
11 21 620 1
6 51 419 1
88 85 742 1
92 70 584 1
66 84 81 1
90 92 173 1
6 76 490 1
44 22 234 1
93 20 233 1
38 24 242 1
17 60 645 1
96 29 125 1
9 70 474 1
94 27 1000 1
54 29 998 1
31 46 519 1
78 11 298 1
52 10 915 1
7 56 535 1
81 3 401 1
28 50 798 1
49 32 789 1
29 79 312 1
24 65 153 1
76 23 879 1
84 10 590 1
18 39 98 1
42 32 69 1
66 29 543 1
17 88 960 1
99 48 280 1
52 4 953 1
34 89 279 1
79 32 254 1
81 58 830 1
79 17 996 1
97 67 366 1
54 63 804 1
63 53 14 1
56 88 90 1
77 33 207 1
64 36 196 1
46 49 476 1
65 33 562 1
99 13 805 1
28 55 790 1
8 43 315 1
82 21 358 1
64 20 376 1
15 8 591 1
35 40 105 1
53 74 831 1
30 97 689 1
83 92 365 1
65 15 669 1
89 51 903 1
10 40 944 1
79 68 684 1
93 70 622 1
66 51 903 1
95 45 606 1
61 10 887 1
79 8 867 1
11 40 320 1
16 61 16 1
44 26 410 1
100 2 462 1
12 71 983 1
57 41 132 1
7 52 527 1
24 53 139 1
13 26 209 1
3 90 754 1
91 81 898 1
39 25 750 1
95 60 103 1
100 26 58 1
37 52 429 1
90 24 295 1
32 60 601 1
14 26 480 1
75 72 425 1
74 2 457 1
82 37 511 1
44 81 203 1
61 56 518 1
50 10 686 1
63 43 896 1
22 90 378 1
14 40 801 1
97 35 730 1
92 67 106 1
21 78 899 0
47 14 624 1
51 71 914 1
18 40 484 1
24 99 372 1
85 8 308 1
74 8 594 1
37 62 884 1
59 26 777 1
68 45 888 1
64 50 983 0
42 74 885 1
18 3 967 1
48 29 640 1
64 54 423 1
31 18 473 1
9 18 136 1
5 32 742 1
67 58 960 1
31 93 700 1
47 37 195 1
17 45 833 1
50 30 933 1
5 8 374 1
95 26 779 1
67 23 431 1
35 70 479 1
69 22 486 1
16 35 701 1
67 32 773 1
16 81 620 1
45 82 202 1
12 42 852 1
24 10 998 1
40 42 406 1
27 86 9 1
87 59 468 1
32 7 608 1
26 87 823 1
20 32 632 1
25 51 200 1
98 100 868 1
58 23 598 1
11 39 511 1
47 57 556 1
79 69 654 1
5 34 665 1
40 12 236 1
32 73 237 1
22 92 130 1
65 90 396 1
52 1 131 1
69 12 20 1
75 40 489 1
4 44 172 1
31 36 240 1
72 18 751 1
99 47 618 1
94 92 846 1
92 8 460 1
19 63 645 1
3 35 558 1
30 90 161 1
52 96 935 1
46 92 637 1
9 27 692 1
72 19 51 1
30 70 360 1
15 67 752 1
25 76 5 1
88 65 39 1
12 74 657 1
65 58 974 1
36 73 459 1
9 73 373 1
84 4 982 1
55 16 395 1
20 96 601 1
34 22 111 1
30 91 474 1
64 55 332 1
13 89 21 1
45 96 484 1
51 85 223 1
23 66 700 1
76 56 995 1
81 5 27 1
37 13 736 1
85 27 29 1
74 19 703 1
68 15 463 1
37 19 111 1
36 46 163 1
9 33 909 1
21 25 105 1
3 55 477 1
73 49 992 1
54 52 121 1
15 22 977 1
36 18 344 1
50 84 309 1
28 72 507 1
28 88 13 1
16 37 46 1
28 76 781 1
80 1 646 1
74 18 62 1
35 49 537 1
85 57 712 1
71 8 235 1
72 35 684 1
80 51 446 1
84 91 284 1
36 23 557 1
57 89 841 1
5 28 827 1
87 72 58 1
59 36 790 1
87 53 322 1
43 84 130 1
7 10 90 1
50 94 25 1
87 78 491 1
6 1 392 1
24 81 482 1
69 91 707 1
95 10 937 1
94 84 600 1
94 3 243 1
67 34 615 1
67 44 891 1
77 50 145 1
92 47 186 1
61 91 206 1
48 92 67 1
26 67 901 1
23 100 723 1
90 73 765 1
64 19 372 1
48 21 360 1
63 77 607 1
83 76 816 1
28 80 224 1
3 8 626 1
72 16 587 1
34 88 633 1
61 34 523 1
30 83 280 1
55 27 82 1
58 94 260 1
1 53 24 1
69 26 154 1
13 20 725 1
54 31 815 1
92 29 17 1
8 18 62 1
95 54 800 1
65 97 502 1
79 83 544 1
54 68 759 1
26 89 374 1
58 50 934 1
63 91 158 1
96 82 161 1
79 65 251 1
41 93 371 1
36 90 255 1
1 88 226 1
28 64 685 1
66 94 628 1
85 56 880 1
37 98 867 1
14 6 655 1
50 5 837 1
91 47 212 1
76 74 893 1
68 35 704 1
90 9 679 1
58 75 571 1
32 18 933 1
74 49 420 1
15 11 367 1
23 41 350 1
15 64 834 1
50 13 792 1
73 71 630 1
97 18 528 1
87 77 761 1
78 80 992 1
91 98 565 1
90 57 356 1
20 59 921 1
71 77 796 1
100 33 696 1
51 29 37 1
58 35 835 1
15 29 757 1
43 38 914 1
96 63 118 1
65 91 42 1
86 33 761 1
21 79 570 1
13 62 542 1
29 42 671 1
31 67 978 1
30 23 621 1
20 12 450 1
5 48 826 1
9 3 556 1
72 69 721 0
11 38 339 1
31 91 261 1
58 49 839 1
71 36 791 1
99 73 203 1
28 85 151 1
53 55 15 1
5 22 66 1
34 68 775 1
6 37 616 1
79 61 570 1
16 60 196 1
91 74 778 1
24 84 46 1
51 76 755 1
49 77 935 1
96 86 954 1
74 71 52 1
84 61 299 1
20 68 510 1
41 25 817 1
60 71 510 1
65 46 436 1
80 3 589 1
56 46 677 1
37 22 508 1
41 37 433 1
13 8 673 1
30 63 227 1
42 50 649 1
86 4 610 1
44 59 154 1
35 56 423 1
77 43 417 1
80 50 744 1
9 50 38 1
12 2 905 1
51 40 388 1
43 56 886 1
91 52 190 1
74 37 555 0
4 54 213 1
4 75 867 1
76 18 78 1
57 76 251 1
83 63 1000 1
51 26 476 1
62 100 567 1
63 86 21 1
50 27 103 1
94 22 17 1
44 17 779 1
78 45 629 1
22 58 484 1
9 86 171 1
23 25 572 1
52 90 97 1
63 98 914 1
30 55 408 1
71 64 113 1
44 78 499 1
61 30 714 1
52 58 595 1
84 7 346 1
4 49 128 1
34 42 305 1
57 4 200 1
81 39 493 1
66 72 249 1
78 25 933 1
13 81 246 1
75 98 31 1
1 19 634 1
9 85 676 1
70 36 513 1
35 12 22 1
12 14 158 1
99 71 211 0
51 11 377 1
8 58 161 1
28 42 936 1
78 23 47 1
60 44 896 1
66 33 911 1
33 55 784 1
18 25 577 1
34 19 961 1
12 34 289 1
88 18 247 1
62 92 279 1
24 2 917 1
61 74 229 1
57 40 468 1
69 38 657 1
98 2 945 1
43 47 30 1
16 73 377 1
55 39 196 1
7 30 130 1
21 15 689 1
5 86 302 1
99 82 105 1
29 38 945 1
6 84 75 1
31 42 651 1
31 43 879 1
84 37 381 1
91 3 989 1
36 5 446 1
5 73 734 1
69 88 404 1
63 52 471 1
55 71 785 1
13 69 348 0
58 79 348 1
33 99 369 1
55 32 112 1
56 49 277 1
88 66 2 1
70 28 524 1
98 60 162 1
62 38 941 1
85 37 772 1
5 46 971 1
9 62 106 1
38 58 469 1
60 40 131 1
15 97 75 1
11 23 872 1
60 53 996 1
89 7 494 1
53 25 561 1
18 24 789 1
44 54 144 1
85 47 579 1
1 21 312 1
73 89 561 1
95 77 599 1
12 86 529 1
61 1 205 0
54 49 590 1
47 39 19 1
41 68 565 1
31 63 537 1
75 48 181 1
98 65 9 1
51 59 611 1
59 6 764 1
54 66 52 1
57 21 249 1
41 8 671 1
22 66 697 1
77 62 629 1
71 39 60 1
65 20 171 1
37 18 545 1
38 92 830 1
53 73 412 1
69 87 197 1
100 75 422 1
81 66 98 1
37 28 325 0
45 89 635 1
32 62 835 1
79 27 66 1
75 79 151 1
52 5 585 1
82 58 949 1
82 10 551 1
96 73 411 1
7 31 565 1
72 57 250 1
22 17 14 1
19 32 837 1
16 39 949 1
48 86 529 1
95 37 690 1
9 48 415 1
79 1 321 1
26 8 743 0
44 32 117 1
2 28 49 1
17 43 77 1
90 42 620 1
72 22 463 1
95 74 483 1
8 100 124 1
42 85 674 1
1 87 355 1
67 64 235 1
7 44 896 1
38 54 161 1
76 87 822 1
12 97 719 1
96 46 189 1
30 2 983 1
89 6 443 1
92 88 303 1
35 27 950 1
40 83 862 1
4 99 260 1
70 58 616 1
47 86 412 1
68 56 808 1
2 5 592 1
59 84 915 1
49 24 5 1
64 44 820 1
57 27 77 1
34 29 947 1
91 86 492 1
29 14 746 1
80 12 229 1
35 77 109 1
4 98 714 1
40 85 926 1
65 87 555 1
98 52 324 1
49 72 303 1
52 74 936 1
82 39 438 1
37 53 474 1
80 43 882 1
68 22 91 1
28 91 877 1
94 14 843 1
97 37 928 1
24 93 259 1
27 36 494 1
9 43 936 1
86 57 479 1
70 16 607 1
54 70 665 1
76 91 939 1
75 46 901 1
34 7 342 1
30 87 793 1
17 11 790 1
17 61 963 1
81 86 408 1
89 30 774 1
36 47 237 1
79 44 168 1
89 92 396 1
81 47 91 1
10 85 742 1
15 47 755 1
28 51 663 0
97 42 776 1
38 26 626 1
17 25 249 1
72 81 433 1
18 91 339 1
63 26 977 1
24 89 651 1
51 17 340 1
42 10 511 1
34 90 57 1
22 2 439 1
92 66 506 1
34 15 916 1
18 96 283 1
36 28 250 1
54 45 565 1
53 46 94 1
67 54 100 1
21 90 138 1
13 33 367 1
29 49 781 1
94 48 430 1
8 37 674 1
90 28 462 1
99 7 370 1
31 59 704 1
48 56 324 1
22 16 956 1
49 17 274 1
47 62 593 1
73 13 542 1
100 44 630 1
33 49 721 1
24 4 695 0
54 65 326 1
29 43 285 1
6 66 742 1
47 30 432 1
31 99 754 1
1 64 564 1
25 6 30 1
70 40 899 1
82 74 487 1
40 63 438 1
45 97 127 1
32 53 32 1
16 93 396 0
32 23 845 1
53 70 860 1
68 65 703 1
3 24 883 1
31 82 577 1
58 71 72 1
16 53 499 1
27 44 931 1
13 27 133 1
43 23 446 1
46 3 259 1
68 58 806 1
86 50 367 1
73 34 540 1
86 58 164 1
95 17 236 1
49 53 35 1
50 56 677 1
66 57 158 1
14 71 594 1
37 31 603 1
12 59 764 1
43 73 852 1
9 81 418 1
68 5 309 1
33 91 766 1
100 30 311 1
23 77 101 1
80 63 543 1
73 91 215 1
63 39 123 1
31 65 763 1
7 14 59 1
44 69 418 1
45 61 976 1
23 82 648 1
24 77 39 1
27 88 676 1
90 82 585 1
54 99 872 1
6 44 481 1
72 98 838 1
29 84 786 1
25 57 827 1
33 21 818 0
5 62 659 1
60 34 885 1
22 39 858 1
20 100 190 1
25 68 713 1
69 3 401 1
24 35 928 1
96 42 107 1
27 20 848 1
57 29 263 1
98 95 70 1
7 2 876 1
56 93 379 1
27 98 774 1
91 96 217 1
15 70 425 1
93 73 15 1
88 75 185 1
70 8 628 1
61 23 216 1
67 83 445 1
18 23 97 1
91 15 459 1
91 11 495 1
22 54 591 1
61 12 373 1
86 73 453 1
97 38 467 1
63 55 233 1
13 94 548 1
40 71 361 1
51 36 521 1
60 73 948 1
77 51 525 1
88 19 552 1
56 6 907 1
38 70 133 1
55 87 331 1
11 2 597 1
74 78 618 1
25 45 457 1
75 12 30 1
17 68 607 1
39 6 345 1
75 55 993 1
51 8 672 1
25 94 845 1
2 89 177 1
1 14 917 1
81 98 669 1
36 13 165 1
58 19 632 1
25 31 975 1
98 14 366 1
10 92 613 1
20 6 829 1
75 10 249 1
31 62 157 1
78 71 75 1
54 51 130 1
77 42 275 1
7 16 917 1
7 97 726 1
3 59 129 1
68 32 798 1
93 90 722 1
12 32 618 1
82 100 111 1
85 52 728 1
68 97 800 1
22 78 780 1
6 78 283 1
72 33 336 1
64 72 98 1
74 44 265 1
71 38 46 1
37 35 895 1
63 50 587 1
34 53 650 1
76 26 399 1
66 1 536 1
65 23 226 1
20 9 843 1
55 73 378 1
48 38 525 1
29 97 657 1
22 60 997 1
50 17 414 1
39 50 394 1
74 28 21 1
66 2 41 1
38 76 259 1
36 40 452 1
63 57 221 1
22 59 613 1
21 93 474 1
38 36 261 1
56 70 53 1
11 76 48 1
4 63 139 1
2 65 616 1
73 10 95 1
7 41 820 1
7 71 463 1
40 45 50 1
73 48 976 1
10 55 163 1
30 96 317 1
42 89 700 1
19 47 826 1
40 56 858 1
58 14 954 1
89 18 754 1
30 28 971 1
16 86 349 1
28 40 42 1
17 63 708 1
92 73 680 1
90 44 121 1
81 7 109 1
29 40 298 1
40 22 786 1
15 6 600 1
66 69 882 1
48 22 132 1
2 44 886 1
65 57 297 1
63 6 944 1
97 51 636 0
21 38 20 1
90 5 20 1
86 39 340 1
70 42 749 1
80 100 313 1
96 19 953 1
62 66 255 1
53 27 973 1
17 75 406 1
79 84 965 1
74 17 944 1
59 91 890 1
2 38 372 1
86 42 173 1
100 10 30 1
45 73 318 1
92 56 34 1
55 42 325 1
56 53 641 1
46 84 112 1
75 64 723 1
94 17 139 1
86 35 51 1
58 25 865 1
87 66 32 1
95 27 467 1
49 9 947 1
82 91 419 1
74 80 594 1
44 61 184 1
94 41 132 1
29 86 415 1
33 39 714 1
41 26 936 1
38 82 84 1
23 98 681 1
12 82 477 1
44 24 624 1
10 49 342 1
39 77 768 1
37 90 929 1
15 72 605 1
88 79 254 1
59 96 850 1
72 83 832 1
6 34 847 1
23 33 312 1
40 89 456 1
91 80 176 1
85 79 372 1
28 43 252 1
26 11 306 1
58 12 480 1
97 13 318 1
26 35 59 1
90 2 333 1
81 67 318 1
89 72 543 1
53 61 362 1
72 30 220 1
94 36 919 1
70 47 260 1
49 76 181 1
95 51 39 1
28 87 600 1
81 38 285 1
98 3 21 1
32 40 225 1
27 30 597 1
76 24 376 1
53 6 780 1
44 98 376 1
35 31 32 1
33 59 764 1
50 44 376 1
25 35 601 1
58 31 960 1
33 36 985 1
17 37 199 1
13 23 325 1
6 62 309 1
78 32 669 1
7 29 531 1
81 12 709 1
19 98 155 0
49 86 678 1
62 34 844 1
42 68 546 1
75 91 355 1
55 80 78 1
77 59 810 1
95 23 520 1
29 8 57 1
85 18 75 1
43 87 479 1
24 55 190 1
9 23 224 1
52 49 956 1
59 28 670 1
77 56 713 1
74 7 186 1
90 81 318 1
59 48 780 1
37 32 658 1
6 40 716 1
20 43 119 1
74 70 699 1
76 64 917 1
34 55 357 1
34 44 139 1
53 47 311 1
39 9 310 1
51 63 206 1
75 52 703 1
67 88 610 1
13 1 905 1
4 35 342 1
4 30 31 1
34 77 937 1
79 48 350 1
9 75 477 1
77 83 168 1
37 78 801 1
19 97 821 1
42 98 492 1
28 35 109 1
72 99 999 1
74 5 854 1
88 48 524 1
25 42 395 1
91 70 432 1
6 26 965 1
24 43 849 1
47 76 173 1
100 42 439 1
66 45 193 1
91 23 458 1
54 80 80 1
73 82 917 1
46 80 978 1
28 58 482 1
45 26 888 1
45 53 969 1
88 51 634 1
63 10 419 1
43 69 118 1
70 67 66 1
93 47 192 1
45 49 26 1
18 28 517 1
84 20 756 1
5 1 167 1
10 78 504 1
99 58 720 1
24 83 168 1
60 77 56 1
83 34 367 1
74 9 512 1
75 7 711 1
20 83 896 1
40 74 630 1
88 12 615 1
30 67 3 1
27 5 254 1
16 20 536 1
3 65 920 1
69 55 743 1
62 85 843 1
3 48 429 1
52 16 914 1
45 19 59 1
15 79 185 0
74 100 196 1
75 49 663 1
44 86 41 1
67 14 800 1
80 34 565 1
14 85 610 1
44 85 269 1
25 85 335 1
77 48 236 1
47 31 848 1
95 34 102 1
95 35 914 1
31 38 595 1
9 7 709 1
42 21 462 1
47 100 641 1
86 6 141 1
20 56 250 1
93 50 791 1
44 39 222 1
14 22 588 1
8 73 676 1
10 28 748 0
5 26 124 1
81 4 825 1
54 98 587 1
11 52 120 1
32 76 151 1
39 24 294 1
48 8 73 1
84 3 151 1
99 5 321 1
74 89 536 1
92 68 323 1
95 75 986 1
98 1 797 1
61 28 644 1
30 62 281 1
66 71 739 1
59 63 851 1
30 82 76 1
8 98 957 1
67 74 749 1
36 4 605 1
83 29 448 0
39 10 165 1
18 5 978 1
36 79 916 1
44 37 295 1
46 16 43 1
99 38 664 1
25 5 223 1
92 24 779 1
2 88 785 1
32 89 423 1
84 56 740 1
4 50 393 1
45 59 195 1
48 34 572 1
38 91 281 1
14 23 316 1
62 56 45 1
45 24 280 1
80 24 435 1
73 25 569 1
54 100 947 1
32 29 43 1
96 35 399 1
80 94 599 1
22 43 346 1
41 30 903 1
54 85 621 1
83 85 756 1
72 47 493 1
90 56 104 1
58 63 841 1
17 91 118 1
19 81 161 1
9 51 783 1
17 5 436 1
49 69 738 1
77 64 586 1
26 78 395 1
20 54 30 1
64 66 34 1
99 97 259 1
99 27 216 1
31 69 931 1
7 62 885 1
39 76 111 1
81 42 496 1
80 23 979 1
94 32 196 1
63 70 383 1
35 98 185 1
82 34 612 1
44 92 384 1
88 13 969 1
74 46 141 1
53 69 934 1
17 90 956 1
72 38 215 1
74 87 686 1
98 92 103 0
27 68 293 1
38 27 314 1
70 85 45 1
18 50 373 1
57 5 662 1
71 35 871 1
68 66 704 1
6 73 38 1
86 51 972 1
96 92 981 1
38 25 108 1
34 43 485 1
82 50 65 1
5 56 286 1
45 27 366 1
98 84 871 1
64 24 501 1
79 90 164 1
33 75 66 1
83 81 172 1
67 48 576 1
18 53 17 1
9 36 701 1
51 91 299 1
8 2 690 1
34 54 952 1
3 63 270 1
10 94 79 1
98 47 302 1
97 4 205 1
91 77 541 1
19 83 726 1
37 40 270 1
21 100 930 1
23 17 172 1
30 43 972 1
19 73 89 1
8 56 344 1
47 82 444 1
61 38 255 1
12 96 736 1
7 98 823 1
48 33 407 1
40 4 387 1
85 66 897 1
3 25 69 1
89 60 321 1
16 64 274 1
49 82 648 1
14 27 654 1
63 75 965 1
95 38 756 1
58 76 25 1
40 86 52 1
85 65 299 1
4 73 695 1
90 76 804 1
2 16 996 1
53 96 62 1
15 36 342 1
6 30 848 1
79 4 735 1
98 62 568 1
2 56 39 1
18 4 635 1
97 11 2 1
92 85 670 1
40 73 389 1
86 65 503 1
27 92 437 1
79 23 732 1
78 86 795 1
41 96 938 1
58 18 149 1
55 92 694 1
56 69 647 1
5 12 701 1
44 47 966 1
93 27 374 1
16 19 506 1
19 46 89 1
15 73 305 1
25 96 182 1
34 3 572 1
50 48 369 1
45 23 536 1
27 75 504 1
70 13 429 1
31 96 398 1
78 35 527 1
83 32 79 0
74 26 653 1
52 44 373 1
8 40 464 1
34 37 911 1
72 9 754 1
40 88 645 1
90 16 745 1
68 78 423 1
50 99 251 1
63 27 421 1
58 30 629 0
38 22 977 1
9 69 399 1
18 63 244 1
21 99 123 1
98 22 560 1
48 11 879 1
9 11 746 1
75 93 48 1
92 40 410 1
36 21 456 1
20 51 869 1
3 95 563 1
60 41 86 1
85 77 847 1
86 74 180 1
82 86 463 1
48 84 451 1
98 36 210 1
77 99 662 1
26 75 892 1
6 95 688 1
21 13 794 0
22 50 316 1
11 90 900 1
78 72 392 1
19 95 16 1
21 54 979 1
87 34 149 1
48 53 473 1
3 33 421 1
79 31 55 1
40 46 109 1
83 91 21 1
76 61 851 1
55 96 850 1
63 13 851 1
64 37 446 1
34 26 36 1
46 62 667 1
82 66 922 1
64 49 978 1
61 88 677 1
76 62 918 1
86 64 619 1
89 47 487 1
53 20 386 1
38 73 4 0
52 55 865 1
41 69 14 1
49 18 303 1
4 60 969 1
97 62 956 1
33 18 425 1
74 33 919 1
87 90 690 1
49 95 146 1
65 77 927 1
7 49 142 1
77 84 139 1
29 44 933 1
16 62 608 1
6 29 167 0
8 36 941 1
77 94 235 1
28 9 511 1
50 26 333 1
65 74 958 1
71 22 176 1
3 37 210 1
24 12 552 1
5 11 999 1
21 14 670 1
76 8 869 1
92 11 420 1
68 51 338 1
25 16 227 1
4 11 880 1
99 17 619 1
83 87 458 1
94 34 637 1
56 16 370 1
6 99 470 1
77 40 364 1
19 6 150 1
36 50 364 1
68 52 7 1
83 88 939 1
4 89 709 1
35 62 106 1
30 76 649 1
28 22 789 1
68 99 402 1
83 99 121 1
94 31 581 1
44 65 562 1
19 75 439 1
76 94 582 1
34 79 713 1
58 89 507 1
9 16 996 1
96 80 781 1
93 58 511 1
84 90 959 1
82 69 888 1
40 47 110 1
53 36 141 1
32 72 344 1
1 75 536 1
64 26 847 1
37 87 26 1
94 99 334 1
45 63 949 1
50 71 333 1
76 45 828 1
19 56 982 1
33 10 169 1
48 96 757 1
96 39 783 1
45 18 146 1
79 81 506 1
77 80 895 1
35 1 867 1
62 57 261 1
4 80 599 1
74 77 173 1
22 51 52 1
84 65 760 1
44 95 379 1
47 83 308 1
39 32 194 1
63 36 233 1
59 24 33 1
100 38 173 1
40 19 823 1
83 86 727 1
57 26 53 1
85 13 4 1
91 49 902 1
86 23 842 1
12 23 295 1
8 94 939 1
33 52 269 1
29 1 252 1
58 36 703 1
77 73 288 1
45 31 213 1
90 71 414 1
94 61 823 1
61 70 218 0
5 100 933 1
24 60 270 0
76 4 973 1
37 23 252 1
77 45 737 1
14 81 670 1
54 7 526 1
77 1 4 0
28 89 864 1
39 41 267 1
4 51 662 1
21 55 674 1
61 33 489 1
85 33 140 1
88 91 855 1
93 95 176 1
14 17 636 1
78 3 221 1
39 42 983 1
33 44 513 1
72 46 585 1
1 12 830 1
14 64 293 1
23 4 486 1
44 55 865 1
39 67 192 1
21 43 71 1
29 58 128 1
95 46 524 1
100 60 644 1
66 17 756 1
83 11 213 1
87 68 574 1
26 70 333 1
97 46 107 1
21 24 950 1
11 61 389 1
56 78 315 1
33 40 480 1
100 65 451 1
55 72 265 1
84 82 139 1
59 10 543 1
44 72 932 1
48 19 697 0
99 92 804 1
82 42 86 1
66 63 575 1
35 41 945 1
6 65 236 1
99 34 298 1
77 22 110 1
15 66 99 1
80 62 697 1
24 42 969 1
33 5 347 1
1 51 406 1
67 61 866 1
15 75 967 1
85 80 916 1
93 25 317 1
37 50 298 1
49 38 636 1
43 67 184 1
32 46 798 1
73 17 757 1
88 50 732 1
100 43 37 1
93 44 593 1
81 34 724 1
52 27 735 1
73 24 845 1
75 13 700 1
39 23 597 1
11 87 996 1
81 10 832 1
66 60 449 1
96 8 194 1
51 27 826 1
78 96 872 1
93 10 337 1
5 40 786 1
69 37 535 1
48 55 104 1
11 30 862 1
8 81 586 1
28 86 372 0
47 67 951 1
6 69 207 1
95 50 42 1
4 77 634 1
59 8 33 1
65 59 693 1
96 16 342 1
82 72 988 1
92 84 424 1
33 29 230 1
14 72 180 1
2 21 161 1
49 43 294 1
66 24 690 1
18 75 931 1
98 87 202 1
95 64 161 1
63 28 314 1
8 10 973 1
85 97 46 1
66 32 316 1
2 25 848 1
8 16 581 1
60 86 336 1
52 19 611 1
7 5 224 1
39 51 492 1
39 66 698 1
82 67 753 1
90 26 841 1
96 21 191 1
54 10 580 1
29 24 247 1
16 11 306 1
77 70 710 1
88 33 603 1
22 4 98 1
99 36 683 1
82 32 167 1
88 41 675 1
29 46 309 1
95 91 165 1
89 5 97 1
68 46 166 1
81 55 314 1
86 94 575 1
95 92 823 1
83 36 470 1
52 17 491 1
36 3 269 1
82 95 414 1
21 74 188 1
31 10 919 1
96 85 176 1
92 32 657 1
12 87 220 1
50 87 383 1
10 56 811 1
47 80 553 1
84 35 212 1
69 46 223 1
69 90 542 1
41 2 754 1
13 11 448 1
63 41 798 1
27 60 695 1
9 79 568 1
9 82 550 1
83 16 847 1
90 67 395 1
51 30 608 1
40 81 601 1
11 77 530 1
78 63 684 1
84 68 670 1
58 15 8 1
67 36 48 1
86 55 48 1
83 15 60 1
11 49 604 1
71 21 605 1
51 47 29 1
47 87 632 1
31 76 960 1
88 46 582 1
86 2 48 1
62 20 742 1
40 84 186 1
17 64 200 1
99 37 853 1
78 29 239 1
100 56 284 1
20 50 842 1
77 25 656 1
51 34 692 1
70 82 695 1
34 97 762 1
87 75 18 1
58 7 629 1
8 49 637 1
92 49 142 1
36 54 255 1
1 84 975 1
97 90 814 1
72 100 780 1
48 61 272 0
38 59 14 1
100 58 385 1
74 1 24 1
8 90 63 1
17 56 617 1
21 63 345 1
26 91 463 1
13 46 839 1
99 78 806 1
67 25 835 1
33 71 205 1
34 78 547 1
14 92 214 1
47 63 312 1
8 1 306 0
78 15 497 1
40 82 172 1
64 25 858 1
48 43 214 1
79 33 844 1
39 26 753 1
74 50 857 1
73 39 649 1
25 63 224 1
58 40 543 1
27 24 622 1
4 7 994 1
47 6 533 1
14 51 956 1
51 2 675 1
16 74 573 1
58 46 720 1
20 94 537 1
17 82 591 1
37 43 648 1
69 8 870 1
60 51 217 1
35 67 774 1
77 17 796 1
77 3 265 1
45 9 265 1
16 38 899 1
50 31 598 1
73 50 759 1
68 16 344 0
84 42 594 1
96 84 640 1
56 11 390 1
10 16 211 1
47 96 371 1
81 65 365 1
6 52 425 1
7 59 396 1
81 92 530 1
63 60 802 1
24 7 581 1
39 57 197 1
32 96 346 1
13 22 322 1
61 68 314 1
32 43 751 1
92 36 236 1
1 38 899 1
30 13 90 1
58 60 257 1
78 53 890 1
20 33 503 1
61 35 261 1
25 100 854 1
82 75 577 1
31 64 861 1
89 75 993 1
45 90 702 1
1 65 10 1
72 42 994 1
9 5 324 1
62 68 302 1
94 39 472 1
92 20 593 1
54 93 326 1
71 56 79 1
20 15 567 1
16 40 261 1
30 9 122 1
51 18 337 1
87 84 633 1
24 46 954 1
75 34 140 1
97 78 604 1
75 6 925 0
23 44 71 1
51 78 489 1
14 90 716 0
23 96 569 1
49 66 323 1
51 84 899 1
54 88 850 1
13 51 326 1
21 47 492 1
83 55 395 1
13 72 715 1
62 67 590 1
68 72 164 1
97 61 452 1
19 36 54 1
42 56 717 1
88 82 195 1
72 92 233 1
74 30 214 1
26 55 529 1
50 68 552 1
59 21 616 1
49 62 221 1
53 22 215 1
97 40 212 1
20 1 593 1
5 16 411 1
12 31 355 1
42 62 32 1
98 30 301 1
76 12 224 1
56 36 560 1
3 51 343 1
48 54 11 1
37 9 860 1
73 7 522 1
88 16 332 1
32 50 400 1
87 31 141 1
81 32 181 1
43 74 260 1
78 4 609 1
5 77 981 1
79 46 440 1
38 44 873 1
93 18 722 1
30 39 760 1
45 20 104 0
1 25 263 1
6 87 433 1
99 55 936 1
76 27 603 1
25 87 984 1
21 61 865 1
33 45 133 1
21 73 637 1
75 25 274 1
80 35 107 1
14 18 790 1
56 1 153 1
82 93 180 1
10 46 782 1
30 49 424 1
76 60 161 1
85 20 945 1
14 87 769 1
84 80 113 1
29 62 313 1
24 70 160 1
39 97 312 1
98 21 581 1
100 55 480 1
95 68 370 1
54 43 857 1
54 1 3 1
73 23 524 1
44 57 362 1
20 22 598 1
46 86 999 1
28 68 834 1
68 83 392 1
6 71 334 1
49 19 11 1
66 25 484 1
86 98 558 1
7 68 391 1
66 75 573 1
8 78 495 1
98 66 431 1
28 71 247 1
55 45 984 1
2 18 808 1
66 55 925 1
71 53 388 1
24 32 830 1
44 46 980 0
38 56 921 1
89 100 533 1
39 61 543 1
50 1 161 1
82 27 277 1
57 60 238 1
65 35 594 1
56 34 928 1
18 84 795 1
79 89 353 1
9 80 90 1
6 17 30 1
84 23 181 1
60 6 5 1
99 23 296 1
50 7 642 1
62 83 922 1
11 20 729 1
3 89 915 1
94 56 245 1
67 71 920 1
80 2 393 1
5 65 108 1
22 99 292 1
43 61 234 1
91 71 511 1
64 7 899 1
31 23 619 1
82 85 455 1
46 77 550 1
95 61 110 1
19 30 369 1
71 4 89 1
31 19 865 1
48 95 842 1
96 2 767 1
79 73 550 1
2 36 424 1
91 93 210 1
46 26 17 1
87 18 687 1
65 94 660 1
47 1 418 1
90 100 843 1
20 82 765 1
33 80 420 1
73 31 403 1
60 38 817 1
44 51 763 1
84 16 43 1
75 99 124 1
86 88 318 1
16 49 127 1
95 70 539 1
20 91 856 1
58 32 971 1
95 24 325 1
52 24 919 1
72 52 810 1
72 39 136 1
29 3 234 1
65 7 659 1
83 26 433 1
32 98 808 1
32 75 873 1
93 55 289 1
48 12 905 1
99 57 356 1
67 46 901 1
27 2 819 1
26 86 107 1
93 64 85 1
21 68 284 1
23 7 756 1
20 60 491 1
92 37 848 1
27 66 52 1
31 26 671 1
50 96 560 1
86 37 729 1
73 2 76 1
43 27 848 1
73 56 733 1
29 4 605 1
90 23 636 1
24 34 60 1
41 49 966 1
16 14 473 1
28 93 557 1
96 74 537 1
48 17 833 1
82 16 899 1
32 87 284 1
75 56 398 1
41 32 807 1
57 51 431 1
82 89 549 1
56 82 437 1
36 80 478 1
64 74 72 1
85 94 859 1
90 88 647 1
38 42 919 1
82 87 638 1
97 80 512 1
5 10 989 1
55 14 997 1
85 89 362 1
35 74 364 1
2 15 622 1
69 100 169 1
48 2 152 1
63 84 317 1
50 40 386 1
28 49 563 1
74 3 118 1
32 17 553 1
33 82 395 1
64 18 729 1
4 82 503 1
20 47 751 1
3 82 375 1
94 45 917 1
4 85 807 1
13 17 432 1
64 91 778 1
60 54 472 1
91 57 160 1
46 55 302 1
68 71 604 1
95 36 796 1
72 41 382 1
12 91 931 1
40 96 655 1
97 59 609 1
15 62 482 1
86 34 532 0
69 98 92 1
38 75 601 1
31 68 870 1
15 49 564 1
7 80 621 1
41 100 973 1
64 92 132 1
75 96 192 1
62 48 690 1
38 46 245 1
59 23 474 1
30 86 300 1
4 15 221 1
58 9 17 1
50 90 240 1
35 30 11 1
89 52 47 1
84 49 223 1
43 25 322 1
7 60 790 1
60 29 359 1
46 1 131 1
37 61 983 1
55 6 792 1
55 68 161 1
79 6 238 1
86 15 731 1
15 57 462 1
23 1 797 1
70 99 776 1
70 73 109 1
17 3 364 1
85 68 698 1
81 95 206 1
47 64 492 1
64 9 485 1
81 22 518 1
28 56 360 1
2 97 344 1
81 64 364 1
55 98 70 1
59 70 739 1
91 99 543 1
10 64 675 1
62 2 926 1
98 51 157 1
14 95 515 1
3 26 862 1
20 77 782 1
3 100 627 1
1 63 771 1
41 31 629 1
76 92 639 1
56 89 810 1
66 28 386 1
4 48 359 1
47 94 501 1
63 7 103 1
37 79 123 1
17 59 770 1
36 1 991 1
48 27 146 1
72 85 397 1
3 31 739 1
13 78 727 1
47 8 25 1
83 100 142 1
21 44 219 1
79 43 641 1
87 46 42 1
24 71 570 1
79 10 13 1
61 22 151 1
97 26 518 1
21 19 860 1
70 14 700 1
54 35 92 1
76 15 22 1
95 32 892 1
9 99 329 1
70 96 539 1
90 66 832 1
97 95 981 1
77 41 73 1
14 73 108 1
6 82 418 1
67 93 215 1
96 15 442 1
88 31 217 1
38 19 389 1
49 57 295 1
74 32 709 1
1 94 687 1
71 57 888 1
51 41 965 1
9 56 964 1
96 69 446 1
45 6 405 1
88 21 889 1
67 38 137 1
72 94 32 1
10 47 710 1
6 93 584 1
82 52 58 1
48 39 811 1
71 52 870 1
39 3 716 1
33 84 790 1
66 7 517 1
52 95 240 1
30 44 425 1
11 99 644 1
34 64 961 1
20 10 580 1
81 70 503 1
36 87 241 1
26 30 368 1
18 68 251 1
87 80 437 1
18 22 905 1
41 87 558 1
7 95 438 1
24 22 910 1
98 20 614 1
24 100 647 1
71 37 685 1
45 69 488 1
69 20 608 1
10 34 434 1
60 1 656 1
35 53 886 1
60 90 656 1
59 73 279 1
86 92 138 1
63 32 132 1
66 77 577 1
46 28 135 1
13 38 450 1
29 93 192 1
75 41 235 1
29 53 674 1
80 27 920 1
71 31 200 1
43 46 769 1
39 62 607 1
27 84 753 1
83 28 953 1
99 46 576 1
67 16 722 1
22 64 181 1
33 31 584 1
66 70 469 1
60 81 697 1
99 79 221 1
90 33 293 1
94 87 459 1
36 72 481 1
20 78 31 1
70 90 624 1
59 53 38 1
62 89 949 1
29 31 879 1
87 49 853 1
60 28 560 1
28 3 439 1
55 84 768 1
19 44 807 1
74 29 502 1
50 19 374 1
36 97 59 1
93 76 509 0
34 84 366 1
43 81 312 1
13 80 365 1
38 66 930 1
44 12 32 1
93 12 488 1
74 55 368 1
3 40 540 1
57 94 601 1
79 57 475 1
29 98 682 1
38 5 717 1
41 4 843 1
95 89 51 1
65 30 751 1
16 31 295 1
16 23 956 1
81 77 996 1
36 48 230 1
68 3 968 1
15 43 935 1
17 53 697 1
43 94 278 1
93 61 724 1
89 84 408 1
76 53 750 1
28 98 770 1
99 84 609 1
7 85 148 1
55 57 282 1
54 9 261 1
4 87 731 1
69 7 268 1
16 42 191 1
41 71 848 1
81 88 864 1
87 8 392 1
2 10 10 1
10 22 945 1
26 79 364 1
26 93 358 1
80 59 866 1
22 57 631 1
7 12 132 1
95 67 492 1
25 99 798 1
4 19 759 1
64 58 271 0
94 62 700 1
25 30 767 1
58 26 777 1
76 71 391 1
60 70 147 1
81 85 412 1
89 35 257 1
96 76 1 1
19 68 85 1
55 47 843 1
46 48 205 1
86 56 701 1
19 43 507 1
53 42 371 1
9 13 620 1
51 94 405 1
13 74 598 1
29 26 410 1
3 22 555 0
27 83 229 1
34 69 584 1
53 39 755 1
86 66 644 1
65 13 380 1
27 16 453 1
99 1 275 1
78 67 721 1
50 100 859 1
97 87 835 0
52 66 178 1
99 43 539 1
21 52 202 1
20 72 821 1
23 8 973 1
88 76 873 1
90 40 589 1
79 7 832 1
38 68 269 1
17 40 656 1
67 41 829 1
10 53 888 1
11 72 648 1
40 7 260 1
53 12 622 1
41 9 594 1
38 40 514 1
38 51 77 1
57 96 727 1
17 4 46 1
25 86 873 1
93 69 164 1
35 55 672 1
100 13 787 1
18 11 723 1
59 75 934 1
91 39 336 1
62 44 161 1
18 54 739 1
55 59 789 1
41 1 153 1
39 12 436 1
89 49 466 1
36 11 651 1
1 15 113 1
63 90 157 1
68 14 518 1
32 56 295 1
64 46 836 1
45 12 697 1
86 100 663 1
79 82 633 1
28 6 582 1
2 35 439 1
34 18 947 1
23 63 953 1
96 98 66 1
55 85 535 1
16 43 861 1
34 100 887 1
50 8 646 1
81 57 247 1
69 48 898 1
34 47 701 1
84 64 546 1
54 69 59 1
79 59 659 1
67 22 787 1
21 6 554 1
53 21 571 1
7 13 590 1
28 11 434 1
31 86 93 1
67 9 845 1
19 91 585 1
64 12 584 1
69 58 121 1
78 42 484 1
6 3 34 1
67 96 310 1
40 15 324 1
14 66 30 1
29 94 997 1
47 12 253 1
38 84 104 1
79 52 471 1
19 82 729 1
69 59 740 1
88 74 353 1
23 87 444 1
67 4 783 1
75 45 278 1
29 64 547 1
45 2 313 1
16 45 922 1
79 20 953 1
57 24 584 1
60 55 111 1
71 42 182 1
15 18 554 1
28 62 737 1
37 54 677 1
14 28 525 1
34 2 412 1
63 5 868 1
39 68 543 1
28 39 942 1
9 46 936 1
72 96 344 1
45 83 607 1
67 86 175 1
62 91 134 0
44 99 192 1
7 96 227 1
54 12 279 1
99 32 460 1
74 58 912 1
72 76 530 1
9 71 309 1
68 53 891 1
21 56 528 1
84 9 591 1
66 97 868 1
69 2 149 1
76 89 741 1
60 21 823 1
7 78 588 1
39 65 829 1
61 36 136 1
25 84 610 1
13 40 60 1
14 89 653 1
91 32 752 1
62 23 622 1
9 34 336 1
59 89 748 1
29 85 372 1
75 62 143 1
65 76 474 1
79 77 214 1
75 71 504 1
27 23 701 1
36 84 640 1
15 99 393 1
59 39 276 1
29 27 7 1
24 78 365 1
11 45 254 1
39 5 584 1
80 76 282 1
11 62 43 1
1 73 410 1
57 12 137 1
18 43 31 1
26 53 79 1
71 96 971 1
68 9 74 1
22 100 630 1
66 37 435 1
31 13 805 1
83 43 837 1
85 2 252 1
77 82 566 1
26 33 144 1
93 80 931 1
73 12 645 1
48 66 965 1
92 54 608 1
76 73 929 1
84 28 576 1
41 81 202 1
8 24 592 1
4 12 131 1
59 71 721 1
47 2 711 1
18 47 93 1
94 28 97 1
31 90 184 0
10 45 39 1
83 49 22 1
1 9 527 1
72 21 265 1
77 92 907 1
81 46 320 1
19 54 690 1
50 79 973 1
78 2 654 1
12 26 353 1
44 42 314 1
56 44 957 1
96 66 473 1
19 65 764 1
41 10 261 1
7 91 450 1
32 34 378 1
73 69 946 1
26 94 44 1
59 85 500 1
60 52 321 1
12 25 133 1
65 18 449 1
13 48 459 1
25 52 888 1
28 31 861 1
75 36 699 1
43 1 101 1
86 61 498 1
74 22 968 1
10 62 317 0
63 81 316 1
54 72 56 1
14 88 553 1
7 19 73 1
11 58 85 0
31 6 593 1
22 30 922 1
86 7 831 1
1 37 538 1
85 24 375 1
61 47 557 1
10 83 134 1
5 42 497 1
85 49 268 1
2 19 539 1
13 55 548 1
11 14 72 1
81 26 877 1
22 52 779 1
50 2 692 1
33 8 749 1
74 84 884 1
46 76 104 1
16 4 646 1
34 16 383 1
15 60 840 1
26 32 407 1
12 36 233 1
78 41 560 1
59 99 855 1
6 81 649 1
50 43 870 1
97 44 986 1
63 94 902 1
54 5 902 0
22 55 171 1
97 63 410 1
85 91 399 1
98 76 122 1
81 29 157 1
60 96 826 1
58 45 767 1
49 81 407 1
42 80 740 1
96 90 507 1
14 53 580 1
6 43 682 1
6 46 163 1
27 69 920 1
27 17 580 1
78 28 672 1
39 74 617 1
42 2 368 1
97 48 895 1
92 16 618 1
20 42 50 1
35 7 925 1
41 73 428 0
22 46 518 1
45 15 437 1
6 64 277 1
57 98 644 1
59 78 450 1
37 26 362 1
69 40 189 1
91 36 172 1
62 25 533 1
79 49 552 1
54 79 123 1
65 53 701 1
14 69 837 1
50 57 392 1
15 92 645 1
96 24 601 1
3 7 219 1
91 10 99 1
53 2 519 1
10 99 849 1
25 82 879 1
41 58 351 1
75 22 435 1
18 94 579 1
26 4 961 1
45 81 74 1
32 15 925 1
67 8 36 1
53 51 444 1
46 94 123 1
49 42 430 1
97 6 555 1
55 4 78 1
29 55 960 1
85 87 379 1
34 85 234 1
63 74 673 1
28 16 256 1
48 52 759 1
70 10 929 1
13 34 438 1
34 31 1 1
46 57 332 1
88 93 252 1
37 80 487 1
58 96 692 1
27 32 551 0
7 83 569 1
31 48 569 1
45 32 3 1
62 24 80 1
63 87 45 1
34 57 771 1
93 30 624 1
47 68 220 1
90 15 403 1
28 12 14 1
84 13 303 1
36 65 634 1
84 78 405 1
87 24 220 1
31 22 951 1
29 2 829 1
1 22 235 1
83 51 785 1
15 53 409 1
19 15 911 1
28 75 428 1
14 83 175 0
68 30 634 1
42 37 229 1
58 83 528 1
45 86 183 1
85 38 465 1
58 10 918 1
84 14 546 1
22 80 879 1
52 46 388 1
93 48 403 1
21 70 271 1
6 50 163 1
39 93 48 1
36 25 590 1
17 15 522 1
36 24 395 1
59 67 955 1
8 62 24 1
77 8 692 1
2 32 398 1
78 94 65 1
91 89 468 1
1 39 308 1
1 28 229 1
88 80 41 1
39 89 874 1
87 96 771 1
2 20 565 1
86 93 626 1
84 47 505 1
27 90 818 1
62 1 162 1
51 93 90 1
58 39 663 1
18 30 433 1
1 57 636 1
41 82 881 1
68 77 237 1
69 10 141 1
46 71 286 1
4 14 854 1
67 85 524 1
42 69 811 1
18 26 34 1
4 100 8 1
13 19 223 1
25 22 925 1
9 4 127 1
26 20 91 1
13 6 150 1
80 44 66 1
21 49 141 1
44 96 796 1
19 62 356 1
56 15 106 1
52 15 655 1
71 84 726 1
88 9 223 1
40 31 511 1
11 79 401 1
61 40 197 0
2 92 978 1
16 95 591 1
49 55 402 1
80 30 347 1
89 71 723 1
10 66 741 1
87 71 728 1
42 46 394 1
20 31 787 1
98 9 246 1
25 71 686 1
72 65 600 1
87 17 156 1
17 33 225 1
23 40 178 1
70 57 74 1
33 6 960 1
14 76 430 1
93 98 405 1
66 59 919 1
51 67 999 1
79 22 899 1
81 30 413 1
59 82 16 1
47 65 286 1
90 41 400 1
8 44 207 1
55 8 97 1
97 100 208 1
12 83 53 1
23 6 448 1
89 21 495 1
91 29 355 1
43 5 973 1
85 21 245 1
27 81 439 1
34 52 775 1
96 38 644 1
27 6 655 1
17 9 517 1
71 47 137 1
98 26 505 1
3 76 240 1
3 27 580 0
65 8 240 1
42 18 683 1
8 89 245 1
100 53 754 1
94 30 656 1
32 51 541 1
37 49 756 1
68 93 595 1
98 49 191 1
46 91 712 1
9 100 651 1
48 35 531 1
37 58 673 1
6 4 651 1
41 92 513 1
61 29 969 1
80 32 480 1
62 55 785 1
88 55 859 1
40 91 774 1
13 95 373 1
80 15 150 1
99 19 201 1
49 80 140 1
14 34 71 1
99 56 630 1
100 76 29 1
60 3 381 1
15 33 372 1
74 15 541 1
8 17 673 1
78 95 737 1
17 97 983 1
62 88 291 1
68 57 55 1
92 61 335 1
6 70 333 1
12 3 948 1
33 73 767 1
28 77 207 1
67 98 317 1
69 16 875 1
80 68 176 1
78 30 815 1
99 35 501 1
9 52 907 1
33 42 765 1
63 42 761 1
90 86 74 1
27 62 102 1
45 5 657 1
22 45 700 1
53 57 42 1
40 52 369 1
84 95 266 1
1 10 322 1
97 75 749 1
10 38 625 1
5 14 107 1
17 70 270 1
22 76 670 1
73 11 82 1
100 27 904 1
71 61 688 1
82 60 603 1
35 93 184 1
55 19 854 1
10 88 472 1
66 40 350 1
17 57 474 1
96 43 657 1
49 20 692 1
12 68 718 1
56 87 242 1
88 11 50 1
38 50 791 1
89 96 864 1
30 71 551 1
74 51 968 1
57 75 264 1
35 76 76 1
39 52 187 1
10 12 847 1
51 70 39 1
17 10 940 1
64 60 173 1
65 17 274 1
54 47 10 1
18 73 62 1
78 92 858 1
88 59 588 1
86 53 921 1
88 95 171 1
47 35 506 1
41 56 129 1
68 26 105 1
2 55 849 1
41 27 384 1
96 1 861 1
52 67 628 1
83 73 621 1
14 79 615 1
33 60 125 1
86 72 146 1
46 59 178 1
25 9 928 1
47 50 323 1
2 37 508 1
95 79 560 1
14 33 107 0
11 82 905 1
12 78 125 1
10 74 833 1
96 61 507 1
67 40 470 1
84 54 852 1
89 86 481 1
9 35 97 1
79 39 92 1
17 42 725 1
76 52 95 1
39 88 978 1
75 81 216 1
7 93 870 1
98 50 588 1
47 42 12 1
42 57 348 1
64 32 989 1
32 16 312 1
78 36 741 1
81 35 272 1
57 23 731 1
72 23 298 1
94 23 626 1
86 80 163 1
15 89 481 1
59 54 372 1
20 75 729 1
41 50 787 1
12 9 970 1
24 33 578 1
66 19 633 1
8 14 909 1
81 25 702 1
63 68 626 1
29 52 246 1
41 52 529 1
83 25 821 0
73 61 860 1
20 63 60 1
28 67 358 1
38 65 457 1
51 61 191 1
11 71 131 1
90 13 699 1
30 79 350 1
84 8 163 1
83 18 505 1
38 8 945 1
77 26 888 1
27 58 310 1
65 45 622 1
19 33 520 1
52 84 248 1
43 51 309 1
61 25 37 1
37 25 841 1
91 55 803 1
91 2 685 1
35 17 126 1
89 48 2 1
50 23 128 1
4 69 94 1
22 47 27 1
21 39 207 1
65 9 386 1
55 23 585 1
48 85 704 1
44 82 527 1
94 24 110 1
60 91 534 1
46 100 392 1
17 81 286 1
9 92 620 1
53 31 820 1
19 100 774 1
38 6 438 0
93 23 297 1
53 23 378 1
42 13 554 1
90 47 490 0
20 7 964 1
62 93 651 1
76 82 533 1
12 67 83 1
25 46 205 1
37 51 216 1
15 82 848 1
25 10 349 1
55 5 356 1
9 15 994 1
1 83 914 1
89 11 465 1
20 48 926 1
4 66 765 1
5 80 746 1
59 32 636 1
73 64 104 1
49 63 845 1
80 57 723 0
89 1 298 1
19 70 698 1
21 66 251 1
63 15 250 1
46 34 278 1
49 12 827 1
8 21 806 1
54 46 603 1
58 16 301 1
70 20 571 1
22 93 172 1
42 15 848 1
50 69 230 1
38 89 434 1
56 59 130 1
4 43 955 1
70 43 439 1
85 5 292 1
62 73 978 1
36 89 740 1
90 98 811 1
5 37 589 1
25 48 925 1
65 56 6 1
54 17 645 1
98 43 854 1
94 71 26 1
78 40 43 1
48 87 753 1
49 100 27 1
19 78 948 1
11 31 427 1
25 20 373 1
31 2 512 1
15 71 791 1
91 78 562 1
32 8 947 1
85 64 812 1
48 100 963 1
22 70 16 1
3 71 754 1
31 61 186 1
67 72 384 1
67 49 303 1
12 99 260 1
98 68 719 1
34 39 319 1
40 87 858 1
58 54 728 1
9 40 675 1
53 5 253 1
81 68 474 1
75 60 247 1
40 30 523 1
98 12 131 1
27 61 945 1
72 4 906 1
50 45 4 1
5 35 930 1
45 7 710 1
89 80 44 1
79 56 357 1
16 54 887 1
7 27 763 1
44 3 469 1
41 74 154 1
12 30 452 1
98 11 248 1
35 21 493 1
88 96 924 1
82 18 858 1
62 41 259 1
25 79 983 1
76 9 859 1
41 89 102 1
12 84 570 1
8 53 285 1
49 88 624 1
35 32 759 1
51 5 551 1
58 80 211 1
34 91 468 1
76 79 881 1
67 11 432 1
14 46 248 1
21 92 804 1
97 69 833 1
64 89 331 1
8 4 933 1
78 46 550 1
53 85 698 1
70 89 333 1
29 71 331 1
50 65 980 1
81 51 234 1
87 2 208 1
90 1 618 1
24 6 300 1
85 50 295 1
99 14 920 1
19 71 514 1
61 90 451 1
100 32 637 1
17 7 618 1
72 91 866 1
24 88 169 1
56 30 728 1
19 59 84 1
75 83 743 1
81 20 667 1
7 57 242 1
33 35 151 1
80 72 513 1
83 3 896 1
85 100 877 0
26 99 278 1
73 97 164 1
72 63 694 1
35 79 291 1
66 18 158 1
83 66 201 1
11 85 520 1
94 70 859 1
13 47 704 1
21 51 731 1
18 48 674 1
12 89 232 1
91 21 19 1
25 95 895 1
20 97 277 1
70 11 843 1
2 63 213 1
96 22 486 1
5 13 716 1
78 90 880 1
84 17 231 1
90 94 305 1
71 18 103 1
6 9 395 1
52 26 309 1
2 4 295 1
39 14 406 1
69 25 593 1
26 21 527 1
44 48 797 1
51 49 241 1
15 54 534 1
60 31 441 1
39 4 881 1
35 43 926 1
8 30 786 1
3 30 653 1
85 26 631 1
43 93 436 1
81 74 989 1
66 56 805 1
44 75 373 1
16 6 480 1
67 42 616 1
43 65 195 1
18 57 96 1
11 3 28 1
100 78 118 1
65 69 326 1
75 90 561 1
66 26 135 1
18 79 635 1
38 52 67 1
38 63 151 1
23 74 236 1
17 41 8 1
7 100 784 1
17 46 591 1
42 95 509 1
5 78 339 1
17 83 48 1
37 91 653 1
37 70 243 1
72 74 971 1
53 82 305 1
22 87 289 1
99 3 263 1
47 26 561 1
82 92 229 1
97 43 598 1
83 48 144 1
20 67 470 1
27 31 889 1
53 98 498 1
18 16 252 1
10 27 228 1
80 99 960 1
8 66 604 1
19 94 55 1
20 30 221 1
53 28 324 1
55 37 468 1
99 39 140 1
16 94 865 1
11 7 953 1
37 15 168 1
1 17 398 1
34 66 691 1
55 50 590 1
92 31 971 1
98 39 385 1
81 78 188 1
26 1 638 1
47 41 752 1
13 56 250 1
92 71 941 1
8 86 251 1
67 3 992 1
35 39 64 1
56 4 968 1
91 58 951 1
4 10 984 1
35 20 442 1
23 47 534 1
85 73 727 1
88 30 444 1
75 2 561 1
73 81 995 1
93 65 823 1
11 100 338 1
46 7 372 1
75 14 249 1
55 90 645 1
58 97 963 1
59 83 865 1
62 78 721 1
8 45 117 1
97 82 800 1
47 52 8 1
66 16 446 1
89 98 937 1
57 78 385 1
14 3 796 1
99 42 586 1
16 1 459 1
37 21 931 1
72 93 246 1
58 6 21 1
87 5 249 1
43 10 759 1
43 36 10 1
20 24 900 1
89 97 876 0
76 43 767 1
60 42 413 1
7 53 160 1
4 34 168 1
4 95 58 1
59 13 770 1
27 89 463 1
10 86 668 1
50 89 756 1
11 59 10 1
90 19 216 1
72 90 821 1
5 59 215 1
19 35 78 1
58 3 314 1
6 83 962 1
70 4 262 1
4 27 174 1
51 99 760 1
1 81 728 1
63 79 418 1
53 93 945 1
78 82 990 1
73 66 87 1
44 71 857 0
12 38 344 1
63 67 187 1
74 27 130 1
34 98 33 1
41 84 166 1
56 51 934 1
24 86 37 1
65 27 502 1
39 17 69 1
7 88 726 1
80 29 530 1
65 67 92 1
36 76 447 1
40 44 278 1
97 16 114 1
91 67 709 1
14 42 956 1
1 67 119 1
29 18 685 1
95 86 638 1
94 12 94 1
65 95 783 1
64 90 301 1
33 98 126 1
25 80 74 1
32 22 202 1
67 17 670 1
90 62 67 1
28 48 559 1
69 61 911 1
79 64 668 1
26 36 984 1
87 73 86 1
45 37 437 1
79 19 556 1
7 47 57 1
9 38 81 1
22 49 625 1
99 63 757 1
35 82 140 1
60 87 433 1
67 10 130 1
5 95 515 1
75 37 490 1
57 13 768 1
12 33 888 0
99 8 755 1
77 12 952 1
97 47 979 1
98 31 381 1
92 65 91 1
49 14 297 1
60 74 131 1
77 86 559 1
62 81 23 1
25 32 619 1
12 56 756 1
24 48 536 1
18 98 20 1
78 65 41 1
45 87 666 1
33 1 716 1
10 98 574 1
88 47 201 1
50 97 567 1
37 93 310 1
76 97 770 1
94 21 790 1
45 98 635 1
67 2 394 1
50 62 195 1
34 25 779 1
76 33 340 1
25 65 843 1
42 23 300 1
32 97 197 1
26 72 340 1
74 85 7 1
30 92 360 0
28 32 537 1
5 30 785 1
41 33 342 1
21 86 421 1
35 73 816 1
28 52 186 1
72 70 798 1
82 94 81 1
53 72 475 1
79 28 566 1
27 37 38 1
41 65 385 1
55 89 988 1
11 57 441 1
74 68 814 1
64 69 97 1
39 90 897 1
33 16 759 1
35 59 166 1
52 70 487 1
68 70 175 1
70 76 855 1
43 72 977 1
82 36 559 1
47 95 15 1
9 57 90 1
55 95 948 1
5 71 188 1
4 91 613 1
54 61 518 1
64 96 168 1
8 28 573 1
54 14 57 1
57 54 143 1
39 84 609 1
95 66 198 1
31 97 510 1
5 98 199 1
95 53 952 1
62 40 64 1
82 13 164 1
85 69 69 1
60 94 34 1
3 45 467 1
3 42 911 1
13 28 989 1
70 33 558 1
70 78 709 1
17 86 238 1
10 36 832 1
94 89 560 0
52 8 669 1
92 6 103 1
90 4 628 1
92 19 337 1
21 83 972 1
92 34 602 1
25 40 916 1
97 86 833 1
36 60 779 1
2 26 645 1
11 24 687 1
96 68 984 1
30 73 665 1
42 91 853 1
14 86 80 1
79 87 430 1
96 34 560 1
92 58 385 1
62 4 340 1
20 28 8 1
65 99 678 1
3 57 197 1
42 66 324 1
3 41 971 1
37 20 613 1
7 36 924 1
12 65 908 1
20 57 57 1
13 35 424 1
30 57 143 1
7 37 625 1
6 100 104 1
5 31 164 1
19 87 715 1
92 26 974 1
70 49 227 1
37 30 368 1
3 20 21 1
75 24 444 1
62 3 499 1
9 32 967 1
45 60 969 1
94 6 508 1
87 70 77 1
51 100 595 1
58 73 838 1
87 61 403 1
56 22 65 1
2 17 932 1
72 27 921 1
23 20 848 1
57 67 683 0
36 20 270 1
70 97 445 1
78 52 581 1
72 79 655 1
26 84 235 1
75 80 343 1
69 52 879 1
33 78 136 1
59 50 321 1
25 91 439 1
40 98 330 1
70 100 51 1
47 16 138 1
97 53 366 1
70 3 694 1
32 52 723 1
2 14 641 1
5 23 74 1
73 84 826 1
9 97 747 1
48 72 804 1
29 23 348 1
96 81 269 1
46 8 675 1
44 63 680 1
35 91 431 1
80 52 642 0
30 14 741 1
100 79 760 1
4 20 275 1
46 82 523 1
88 97 957 1
30 42 489 1
6 22 208 1
46 15 608 1
41 18 881 1
37 96 23 1
49 31 552 1
59 43 699 1
13 60 135 1
87 52 90 1
93 74 587 1
78 16 203 1
73 44 711 1
68 89 725 1
84 21 267 1
83 44 507 1
87 16 880 1
14 77 415 1
71 26 559 0
98 94 903 1
62 58 629 1
54 94 523 1
97 25 394 1
92 100 118 1
49 59 107 1
60 78 580 1
91 66 927 1
81 21 843 1
52 94 874 1
42 8 933 1
11 19 472 1
93 42 645 1
71 81 790 1
37 14 678 1
74 97 998 1
17 47 636 1
64 61 34 1
85 19 621 1
69 60 218 1
92 45 567 1
79 62 285 1
86 70 699 1
61 32 273 1
90 95 882 1
92 43 534 1
57 8 146 1
21 69 806 1
4 42 676 1
31 52 919 1
5 69 468 1
53 67 935 1
76 16 719 1
85 45 760 1
88 43 993 1
41 85 160 1
15 24 989 1
22 89 220 1
37 56 959 1
75 65 493 1
62 74 793 1
54 28 675 1
54 71 159 1
10 97 271 1
15 28 512 1
2 49 443 1
78 58 93 1
63 88 972 1
24 37 356 1
68 88 126 1
81 56 159 1
36 34 103 1
81 61 168 1
70 48 109 1
25 33 498 1
51 48 788 1
77 97 458 1
93 15 548 1
91 97 623 1
72 17 616 1
46 30 298 1
14 61 472 1
6 54 44 1
67 76 481 1
15 48 820 1
93 78 786 1
16 98 197 1
4 33 831 1
3 10 917 1
91 1 911 1
84 44 138 1
54 62 789 1
40 65 919 1
14 60 704 1
13 92 915 1
31 9 452 1
14 96 337 1
76 7 435 1
77 90 90 1
32 86 333 1
89 17 836 1
88 60 202 1
31 44 452 1
59 34 426 1
73 3 141 0
37 73 655 1
43 2 773 1
34 63 644 1
96 62 551 1
19 77 643 1
84 67 364 1
40 72 715 1
19 76 88 1
37 81 731 1
14 35 56 1
31 77 449 1
52 12 129 1
25 56 763 1
54 30 767 1
64 97 464 1
53 4 709 1
24 17 400 1
14 20 49 1
38 23 854 1
71 17 223 1
21 9 125 1
17 78 11 1
77 47 790 1
94 38 810 1
54 23 783 1
72 60 583 1
99 86 681 1
51 35 258 1
98 83 671 1
4 74 441 1
21 4 237 1
33 92 834 1
32 21 261 1
70 18 430 1
61 80 146 1
90 20 219 1
79 47 48 1
35 85 623 1
47 49 790 1
69 24 544 0
89 69 910 1
53 80 442 1
53 92 21 1
70 98 144 1
34 8 311 1
61 82 771 1
1 71 771 1
68 29 890 1
98 74 458 1
80 19 794 1
14 82 46 1
79 41 609 1
50 83 453 1
9 42 163 1
4 45 734 1
15 39 866 1
21 76 45 1
38 93 195 1
15 44 370 1
14 44 430 1
25 4 581 1
83 60 774 1
94 73 195 1
59 86 257 1
13 68 332 1
1 97 905 1
4 59 576 1
44 13 654 1
85 99 101 1
38 18 777 1
75 29 564 1
87 64 104 1
95 33 31 1
31 100 672 1
96 49 854 1
75 94 564 1
53 77 77 1
7 38 992 1
93 66 748 1
30 38 722 1
85 12 369 1
99 45 890 1
99 89 58 1
16 24 167 1
53 83 255 1
16 21 691 1
83 56 861 1
29 19 758 1
25 98 828 1
27 25 318 1
89 37 502 1
6 42 990 1
41 70 926 1
81 76 670 1
71 65 976 1
29 13 7 1
83 69 322 1
45 13 673 1
69 15 768 1
22 8 298 1
20 8 368 1
88 72 313 1
49 39 639 1
74 25 574 1
86 79 651 1
1 92 936 1
99 87 984 1
42 64 340 1
57 28 26 1
45 56 86 1
56 72 881 1
95 8 652 1
44 5 114 1
77 67 789 1
9 87 465 1
46 85 412 1
36 85 344 1
82 98 268 1
10 23 70 1
39 29 350 1
74 34 135 1
97 5 42 1
59 57 697 1
18 92 553 1
21 28 418 1
2 82 139 1
47 66 765 1
12 90 694 1
94 81 476 1
13 87 34 1
14 38 197 1
38 98 910 1
42 45 630 1
19 84 506 1
78 76 938 1
76 95 659 1
79 74 161 1
60 19 833 1
96 26 499 1
32 36 290 1
71 48 88 1
32 85 737 1
14 52 645 1
54 97 585 1
46 90 811 1
65 73 590 1
87 95 579 1
53 38 391 1
69 99 129 1
79 2 266 1
79 97 657 1
9 83 35 1
13 15 183 1
24 50 350 1
79 42 61 1
32 57 432 1
92 59 830 1
80 65 565 1
19 17 255 1
10 89 490 1
58 48 941 1
8 60 169 1
72 24 456 1
6 32 155 1
64 33 146 1
69 80 189 1
89 33 758 1
29 36 660 1
63 56 792 1
51 7 505 1
53 3 745 1
19 3 769 1
73 27 320 1
91 16 181 1
31 4 803 1
88 64 139 1
91 100 611 1
78 39 39 1
54 40 92 1
64 45 819 1
7 33 97 1
14 24 754 1
45 36 173 1
23 3 229 1
3 32 310 1
40 59 478 1
61 89 351 1
6 8 722 1
23 56 964 1
11 27 679 1
15 51 619 1
29 17 911 1
14 48 762 1
13 86 967 1
6 35 205 1
52 99 961 1
13 76 780 1
54 87 371 1
53 62 902 1
66 74 205 1
61 8 569 1
72 95 712 1
1 93 861 1
38 74 161 1
83 64 462 1
54 41 728 1
87 38 176 1
6 10 952 1
39 95 250 1
29 63 180 1
59 98 215 1
21 17 112 1
48 41 383 1
21 46 145 1
5 91 177 1
50 78 627 1
72 10 895 1
35 63 671 1
53 30 680 1
87 20 921 1
50 16 658 1
88 100 269 1
74 14 260 1
73 26 23 1
52 20 125 1
52 77 289 1
46 23 553 1
14 43 914 1
24 31 369 1
53 79 986 1
22 86 350 1
56 74 871 1
47 38 212 1
41 55 671 1
89 43 891 1
21 3 335 1
62 12 107 1
16 99 773 1
35 88 801 1
97 57 265 1
24 5 221 1
92 50 707 1
31 81 106 1
80 45 462 1
39 70 660 0
41 15 366 1
21 62 994 1
92 5 45 1
23 75 199 0
48 81 391 1
64 99 764 1
63 65 471 1
5 94 89 1
43 91 215 1
80 67 211 1
46 61 515 1
31 8 387 1
54 76 59 0
42 26 339 1
74 24 596 1
34 20 975 1
3 47 628 1
22 12 555 1
34 71 295 1
77 88 658 1
58 61 496 1
98 73 108 1
91 6 254 1
78 98 115 1
67 100 325 1
54 78 288 1
55 76 898 1
89 63 118 0
24 68 826 1
85 98 591 1
37 57 230 1
59 2 2 1
69 33 662 1
80 39 718 1
62 45 473 1
61 6 364 1
78 49 387 1
98 13 218 1
49 34 492 1
91 94 246 1
11 47 843 1
3 56 669 1
46 66 595 1
93 19 835 1
61 63 411 1
2 39 828 1
8 54 56 1
1 30 140 0
59 68 530 1
68 4 162 1
16 75 950 1
45 52 602 1
19 8 186 1
29 22 410 1
15 100 827 1
78 88 644 1
55 15 263 1
63 100 76 1
55 9 349 1
50 76 146 1
11 34 847 1
87 35 198 1
44 89 124 1
54 56 224 1
12 37 951 1
65 51 536 1
75 35 106 1
25 50 668 1
35 60 266 1
39 27 62 1
94 33 772 1
38 78 100 1
71 49 304 1
1 69 660 1
15 87 405 1
64 98 110 1
37 88 658 1
89 19 935 1
7 22 750 1
36 96 267 1
73 47 372 1
51 12 711 1
6 48 419 1
45 74 146 1
16 36 773 1
44 49 188 1
58 2 588 1
84 11 752 0
68 11 183 1
88 73 368 1
30 45 289 1
9 66 724 1
83 8 467 1
67 24 651 1
3 1 684 1
69 86 854 1
2 52 844 1
31 75 869 1
2 61 375 1
58 33 388 1
87 7 280 1
29 70 118 1
20 86 985 1
68 60 833 1
80 38 533 1
13 79 966 1
66 78 738 1
57 6 597 1
11 64 648 1
7 55 528 1
95 11 194 1
93 14 195 1
34 41 661 1
51 90 562 1
60 62 111 1
77 32 179 1
92 74 124 1
2 72 956 1
4 92 293 1
16 48 8 1
83 13 634 1
22 88 843 1
5 41 924 1
67 69 672 1
29 12 420 1
61 7 954 1
89 78 156 1
26 65 166 1
63 73 339 1
56 39 84 1
93 40 990 1
75 54 4 1
1 27 533 1
49 13 643 1
94 35 473 1
77 38 873 1
67 55 890 1
3 54 780 1
100 45 559 1
16 57 124 1
83 33 607 1
12 72 220 1
36 88 45 1
37 72 95 1
13 32 507 1
95 83 404 1
63 85 395 1
11 75 375 1
81 84 376 1
31 57 254 1
17 34 510 1
32 70 820 1
92 79 72 1
10 44 642 1
82 7 591 1
43 52 76 1
19 14 219 1
93 96 535 1
99 90 242 1
19 28 990 1
74 36 2 1
71 62 914 1
51 31 954 1
11 43 100 1
33 68 621 1
68 48 892 1
57 87 984 1
26 10 394 1
21 5 40 1
13 53 761 1
33 87 546 1
64 4 540 1
29 16 987 1
89 31 289 1
38 15 153 1
25 70 153 1
11 32 690 1
58 72 418 1
18 61 755 1
97 41 254 1
27 21 246 1
54 26 516 1
5 84 164 1
5 61 889 1
17 31 372 1
37 4 558 1
71 88 999 1
60 9 728 1
62 64 802 1
15 5 728 1
23 88 609 1
28 47 434 1
47 69 707 1
86 11 646 1
78 43 90 1
98 17 793 1
71 98 969 1
60 65 34 1
22 97 82 1
33 67 428 1
11 33 531 1
74 57 295 1
54 74 715 1
65 42 809 1
84 69 939 1
48 42 460 1
93 97 73 1
26 43 684 1
8 12 19 1
48 37 296 1
38 20 292 0
39 19 991 1
93 87 796 1
60 5 308 1
18 13 769 1
63 24 649 1
85 3 354 1
17 55 428 1
19 41 483 1
20 99 312 1
45 79 328 1
85 15 782 1
7 67 24 1
53 81 831 1
25 60 625 1
65 4 972 1
34 45 489 1
80 71 4 1
31 83 964 1
15 25 683 1
17 26 464 1
76 48 646 1
14 65 714 1
14 91 821 1
64 8 961 1
57 35 214 1
25 49 575 1
52 30 472 1
16 65 319 1
27 87 980 1
45 72 712 1
81 69 945 1
84 62 83 1
4 47 147 1
99 41 740 1
93 85 592 1
45 14 968 1
82 71 274 1
95 40 639 1
90 59 346 1
59 62 200 1
57 38 890 1
99 49 424 1
62 33 632 1
57 69 714 1
77 58 767 1
28 24 685 1
18 44 108 1
50 33 300 1
59 29 609 1
45 43 574 1
48 78 543 1
83 22 254 1
76 69 325 1
62 14 406 1
10 29 256 1
95 69 501 1
31 85 780 1
48 32 655 1
16 63 792 1
95 1 527 1
54 27 233 1
51 46 418 1
2 84 816 1
65 70 382 1
55 1 633 1
80 21 218 1
6 36 782 1
96 17 564 1
30 17 512 1
97 33 940 1
12 21 555 1
18 86 633 1
31 80 775 1
32 65 327 1
93 57 270 1
12 50 955 1
7 21 700 1
24 56 194 1
29 20 748 1
72 34 872 1
61 65 439 1
59 16 723 1
37 65 126 1
37 83 996 1
29 5 139 1
41 43 757 1
100 12 748 1
11 37 547 1
40 2 441 1
32 69 818 1
23 89 596 1
9 96 818 1
19 61 340 1
85 90 952 1
11 41 205 1
77 44 540 1
54 96 27 1
37 68 925 1
87 92 375 1
63 12 947 1
35 15 198 1
26 62 312 1
29 73 625 1
81 59 716 1
93 11 219 1
63 71 821 0
26 88 319 1
82 48 283 0
66 50 908 1
18 6 467 1
83 46 665 1
22 41 188 1
100 71 380 1
39 7 353 1
63 95 158 1
38 86 307 1
82 68 887 1
95 22 412 1
10 96 872 1
94 7 711 1
83 71 116 1
84 45 334 1
52 61 254 1
95 73 120 1
3 49 876 1
98 6 731 1
3 52 388 1
22 65 746 1
11 25 28 1
86 54 53 1
77 18 578 1
2 83 121 1
41 76 376 1
42 54 172 1
32 1 941 1
74 6 746 1
42 35 199 0
69 78 890 1
89 66 447 1
82 65 91 1
65 55 205 1
81 97 598 1
27 40 843 1
64 80 956 1
47 25 551 1
67 45 248 1
94 9 40 1
1 86 16 1
49 36 796 1
36 52 982 1
57 36 517 1
92 39 915 1
36 39 493 1
62 52 416 1
7 43 93 1
19 12 611 1
15 31 191 1
44 87 852 1
60 67 478 1
92 63 655 1
49 40 343 1
73 28 984 1
46 12 389 1
86 76 121 1
51 10 736 1
38 90 833 1
68 23 623 1
54 11 762 1
8 97 24 1
34 27 563 1
62 99 931 1
6 72 785 1
96 33 376 1
9 77 102 1
10 13 289 1
3 16 202 1
26 9 545 1
24 41 947 1
74 47 667 1
91 22 647 1
43 39 455 1
71 95 728 1
61 75 641 1
2 70 239 1
13 2 105 1
76 85 968 1
86 62 910 1
77 21 889 1
35 23 694 1
18 100 529 1
89 93 890 1
65 83 157 1
46 60 585 1
53 88 502 1
30 34 447 1
83 4 534 1
51 73 689 1
41 64 624 1
70 55 910 1
99 53 873 1
21 75 707 1
18 27 294 1
70 84 342 1
61 9 686 1
29 90 798 1
30 48 718 1
33 28 262 1
15 84 211 1
8 27 60 1
59 14 264 1
92 52 69 1
57 92 106 1
57 10 708 1
65 49 229 1
82 1 554 1
80 8 103 1
8 75 181 1
35 18 110 1
53 50 651 1
1 18 947 1
51 33 64 1
11 8 866 1
7 25 139 1
47 33 308 1
65 52 207 1
11 69 495 1
50 75 254 1
37 46 964 1
13 61 277 1
13 67 67 1
58 34 642 1
40 43 422 1
46 33 591 1
80 40 878 1
38 34 77 1
82 28 744 1
6 96 765 1
25 90 758 1
92 51 130 1
74 99 62 1
39 60 673 1
94 55 675 1
42 1 788 1
8 35 455 1
95 20 515 1
90 6 203 1
93 52 999 1
30 21 871 1
52 100 68 1
96 99 350 1
29 76 478 1
12 27 259 1
14 57 579 1
72 59 977 1
3 79 505 1
41 20 399 1
89 54 213 1
89 83 282 1
50 3 619 1
17 76 799 1
100 36 252 1
60 26 627 1
31 84 998 1
72 29 362 1
43 60 873 1
12 95 482 1
91 48 379 1
26 16 535 1
92 7 530 1
18 62 568 1
56 14 172 1
52 13 780 1
52 50 960 1
28 97 821 1
68 6 568 1
69 30 783 1
23 60 819 1
65 29 785 1
71 23 772 1
60 99 403 1
63 93 939 1
42 73 906 1
71 13 534 1
12 55 60 1
89 65 164 1
15 12 225 1
100 57 479 1
78 14 309 1
39 20 181 1
28 65 875 1
47 58 450 1
8 72 364 1
27 91 777 1
16 41 962 1
75 51 641 1
7 18 517 1
76 40 918 1
44 94 374 1
50 54 676 0
77 54 806 1
43 85 639 1
36 17 262 1
5 3 96 1
10 18 68 1
37 77 940 1
26 28 359 1
53 84 185 1
56 52 478 1
55 58 665 1
91 79 418 1
22 63 965 1
41 83 155 1
97 94 34 1
6 41 266 1
99 28 673 1
40 21 274 1
87 42 448 1
89 46 172 1
1 7 309 1
80 17 90 1
71 43 185 1
23 70 154 1
90 68 645 1
36 62 806 1
90 74 459 1
84 57 999 1
52 73 682 1
100 16 135 1
28 45 479 1
38 17 856 1
78 31 842 1
25 54 984 1
93 3 905 1
93 5 674 1
72 3 878 1
82 63 126 1
46 50 657 1
59 18 504 1
73 80 925 1
43 13 715 1
72 50 242 1
3 86 938 1
56 91 746 1
57 43 140 1
79 55 407 1
67 75 818 1
65 34 798 1
78 27 673 1
59 15 977 1
33 27 435 1
77 10 103 1
47 45 476 1
53 41 564 1
24 91 376 1
64 53 276 1
10 32 243 1
65 62 962 1
88 20 946 1
83 57 422 1
49 6 293 1
35 38 947 1
28 95 921 1
52 97 838 1
9 93 512 1
93 49 598 1
36 66 939 1
42 94 455 1
25 88 948 1
92 80 285 0
79 93 893 1
67 29 897 1
4 46 322 1
100 96 657 1
90 7 189 1
96 83 784 1
4 32 990 1
57 82 965 1
22 42 911 1
2 6 279 1
54 2 417 1
50 34 719 1
97 83 383 1
76 10 985 1
55 97 150 1
15 23 654 1
71 97 882 1
30 95 750 1
45 71 219 1
81 100 644 1
6 77 364 1
13 25 515 1
50 14 418 1
2 94 121 1
37 33 770 1
33 22 855 1
42 76 4 1
43 12 35 1
64 38 32 1
70 7 433 1
3 13 3 1
48 45 345 1
5 72 648 1
30 77 349 1
89 81 378 1
69 36 314 1
73 54 35 1
11 44 564 1
93 71 495 1
39 75 65 1
61 85 678 1
2 95 149 1
77 100 78 1
38 83 219 1
54 39 824 1
68 94 721 1
36 55 757 1
4 94 124 1
74 11 358 1
72 51 892 1
23 2 67 1
58 90 130 1
61 98 397 1
66 76 748 1
83 5 271 1
67 50 209 1
44 68 441 1
46 27 189 1
10 21 248 1
19 69 622 1
93 46 924 1
96 13 294 1
93 100 801 1
99 61 790 1
59 100 672 1
18 56 946 1
2 57 578 1
31 55 275 1
32 47 398 1
41 91 545 1
35 11 139 1
97 92 883 1
37 29 204 1
31 39 371 1
13 58 150 1
81 52 240 1
25 89 483 1
44 76 224 1
35 100 834 0
66 44 169 1
51 19 824 1
49 23 513 1
59 41 23 1
5 58 923 0
88 6 985 1
57 48 382 1
6 12 137 1
39 69 667 1
29 35 786 1
35 10 691 1
46 11 479 1
69 62 450 1
67 79 565 1
81 36 832 1
41 44 986 1
71 86 78 1
31 70 594 1
27 49 701 1
52 23 325 1
90 54 543 1
40 34 513 1
70 62 263 1
4 28 682 1
1 4 328 1
33 93 570 1
13 41 966 1
89 9 773 1
26 48 172 1
62 82 901 1
68 2 582 1
88 32 160 1
67 89 507 1
98 79 324 1
9 63 456 1
33 81 188 1
75 69 543 1
92 60 764 1
15 61 6 1
71 20 791 1
21 34 81 1
85 95 731 1
49 60 978 1
77 61 914 1
18 90 241 1
28 92 139 1
3 38 778 1
85 58 814 1
94 64 746 1
59 1 198 1
43 53 642 1
38 28 103 1
53 94 514 1
6 11 469 1
62 72 806 1
36 77 711 1
57 61 940 1
24 40 156 1
72 25 343 1
42 7 295 1
6 67 371 1
53 33 678 1
1 76 78 1
94 96 979 1
10 14 33 1
48 10 211 1
37 100 627 1
81 99 210 1
40 48 7 1
86 52 367 0
47 60 999 1
36 22 76 1
53 40 229 1
93 2 752 1
38 55 507 1
22 84 613 1
12 16 161 1
80 26 530 1
14 25 107 1
79 51 223 1
84 76 11 1
21 97 892 1
4 38 91 1
48 65 363 1
19 57 180 1
18 95 457 1
33 57 337 1
22 35 401 1
45 91 284 1
37 67 825 1
76 34 592 1
93 60 168 1
61 100 534 1
