130 244 452
1 51
2 117
3 90
4 104
5 53
6 72
7 87
8 81
9 95
10 92
11 127
12 91
13 127
14 54
15 118
16 91
17 50
18 36
19 116
20 79
21 67
22 58
23 16
24 92
25 82
26 13
27 39
28 90
29 117
30 38
31 129
32 36
33 91
34 66
35 36
36 1
37 100
38 119
39 81
40 34
41 17
42 63
43 12
44 98
45 52
46 1
47 14
48 44
49 45
50 87
51 49
52 124
53 59
54 36
55 30
56 123
57 43
58 87
59 87
60 21
61 31
62 48
63 63
64 73
65 59
66 96
67 40
68 126
69 32
70 109
71 119
72 110
73 54
74 117
75 80
76 117
77 18
78 99
79 12
80 115
81 117
82 10
83 73
84 100
85 111
86 68
87 69
88 27
89 15
90 100
91 5
92 42
93 99
94 92
95 78
96 54
97 87
98 108
99 109
100 105
101 94
102 84
103 21
104 95
105 39
106 45
107 75
108 28
109 118
110 51
111 5
112 83
113 124
114 129
115 76
116 113
117 79
118 56
119 110
120 7
121 35
122 127
123 27
124 42
125 65
126 109
127 7
128 45
129 59
130 10
131 75
132 122
133 98
134 15
135 12
136 64
137 109
138 92
139 37
140 35
141 28
142 37
143 51
144 75
145 112
146 101
147 124
148 88
149 123
150 4
151 109
152 29
153 93
154 57
155 113
156 93
157 18
158 39
159 66
160 94
161 115
162 84
163 105
164 8
165 29
166 99
167 22
168 51
169 110
170 85
171 14
172 114
173 100
174 118
175 116
176 45
177 115
178 77
179 71
180 113
181 21
182 57
183 99
184 43
185 81
186 69
187 116
188 13
189 109
190 89
191 60
192 126
193 114
194 79
195 70
196 64
197 61
198 57
199 29
200 67
201 67
202 42
203 120
204 108
205 130
206 122
207 11
208 55
209 68
210 19
211 125
212 95
213 81
214 109
215 97
216 59
217 15
218 38
219 83
220 74
221 104
222 78
223 70
224 128
225 23
226 96
227 25
228 18
229 76
230 106
231 52
232 53
233 68
234 59
235 25
236 76
237 14
238 122
239 111
240 36
241 107
242 35
243 72
244 42
245 64
246 9
247 108
248 68
249 40
250 24
251 28
252 27
253 123
254 26
255 86
256 70
257 29
258 87
259 55
260 115
261 101
262 77
263 3
264 7
265 128
266 84
267 75
268 57
269 4
270 27
271 12
272 33
273 66
274 42
275 73
276 127
277 23
278 76
279 122
280 55
281 43
282 123
283 38
284 104
285 88
286 107
287 67
288 20
289 51
290 109
291 88
292 41
293 76
294 73
295 37
296 91
297 111
298 41
299 53
300 56
301 120
302 39
303 67
304 112
305 102
306 58
307 125
308 34
309 108
310 8
311 9
312 63
313 100
314 27
315 54
316 95
317 21
318 25
319 3
320 89
321 77
322 13
323 20
324 110
325 9
326 46
327 78
328 27
329 92
330 67
331 11
332 122
333 41
334 115
335 65
336 90
337 86
338 12
339 11
340 71
341 41
342 19
343 23
344 12
345 122
346 125
347 100
348 31
349 58
350 54
351 115
352 1
353 86
354 18
355 53
356 110
357 34
358 86
359 20
360 97
361 90
362 13
363 23
364 108
365 43
366 4
367 16
368 67
369 112
370 74
371 121
372 88
373 10
374 83
375 67
376 71
377 85
378 100
379 125
380 23
381 78
382 56
383 58
384 21
385 71
386 85
387 81
388 71
389 44
390 128
391 34
392 77
393 105
394 58
395 97
396 69
397 120
398 97
399 73
400 129
401 60
402 124
403 108
404 23
405 54
406 88
407 60
408 76
409 61
410 107
411 25
412 50
413 63
414 6
415 112
416 71
417 118
418 56
419 9
420 46
421 87
422 62
423 78
424 50
425 45
426 127
427 117
428 91
429 79
430 80
431 4
432 17
433 40
434 99
435 45
436 23
437 110
438 86
439 83
440 47
441 81
442 82
443 29
444 62
445 116
446 108
447 83
448 25
449 98
450 114
451 35
452 60

