324 344 475
1 4
2 223
3 307
4 117
5 100
6 9
7 21
8 29
9 178
10 271
11 235
12 34
13 178
14 91
15 187
16 206
17 281
18 75
19 312
20 44
21 79
22 57
23 57
24 246
25 279
26 49
27 180
28 29
29 266
30 58
31 221
32 232
33 182
34 273
35 109
36 101
37 244
38 202
39 125
40 6
41 208
42 15
43 186
44 113
45 160
46 22
47 255
48 128
49 6
50 305
51 103
52 222
53 125
54 45
55 25
56 148
57 26
58 64
59 147
60 318
61 68
62 90
63 4
64 47
65 118
66 3
67 131
68 10
69 131
70 232
71 152
72 164
73 317
74 225
75 287
76 224
77 147
78 275
79 301
80 194
81 228
82 320
83 45
84 174
85 30
86 317
87 199
88 261
89 169
90 277
91 208
92 54
93 131
94 290
95 180
96 56
97 125
98 79
99 102
100 107
101 25
102 212
103 163
104 49
105 134
106 301
107 274
108 243
109 169
110 125
111 139
112 27
113 209
114 193
115 195
116 30
117 248
118 55
119 93
120 21
121 149
122 303
123 314
124 233
125 113
126 199
127 192
128 180
129 214
130 241
131 241
132 110
133 138
134 276
135 73
136 259
137 160
138 324
139 53
140 129
141 196
142 19
143 77
144 188
145 275
146 38
147 142
148 223
149 46
150 4
151 253
152 238
153 14
154 134
155 294
156 281
157 291
158 162
159 320
160 280
161 111
162 298
163 248
164 282
165 293
166 33
167 313
168 248
169 308
170 214
171 132
172 169
173 75
174 155
175 62
176 243
177 13
178 84
179 244
180 118
181 295
182 159
183 47
184 46
185 3
186 74
187 56
188 17
189 81
190 264
191 168
192 165
193 5
194 237
195 32
196 297
197 272
198 229
199 8
200 302
201 244
202 17
203 291
204 196
205 157
206 152
207 210
208 305
209 199
210 245
211 11
212 95
213 236
214 289
215 62
216 74
217 25
218 151
219 179
220 58
221 3
222 1
223 13
224 281
225 194
226 199
227 306
228 68
229 29
230 242
231 64
232 160
233 27
234 98
235 88
236 97
237 313
238 307
239 123
240 321
241 184
242 293
243 120
244 290
245 187
246 29
247 161
248 242
249 136
250 39
251 65
252 21
253 256
254 169
255 44
256 162
257 52
258 141
259 89
260 274
261 32
262 311
263 205
264 213
265 19
266 301
267 316
268 173
269 82
270 281
271 177
272 321
273 138
274 8
275 67
276 223
277 226
278 294
279 111
280 211
281 245
282 262
283 178
284 123
285 298
286 100
287 223
288 127
289 223
290 134
291 135
292 273
293 245
294 121
295 40
296 308
297 198
298 324
299 149
300 307
301 307
302 210
303 254
304 39
305 257
306 251
307 309
308 85
309 291
310 160
311 83
312 234
313 266
314 174
315 272
316 9
317 268
318 113
319 98
320 110
321 235
322 59
323 79
324 233
325 48
326 190
327 259
328 3
329 185
330 189
331 298
332 208
333 222
334 64
335 125
336 42
337 227
338 321
339 312
340 130
341 237
342 72
343 296
344 11
345 211
346 251
347 294
348 232
349 79
350 99
351 55
352 65
353 316
354 76
355 240
356 180
357 136
358 127
359 52
360 23
361 218
362 59
363 19
364 260
365 271
366 64
367 243
368 51
369 164
370 151
371 288
372 125
373 256
374 31
375 222
376 93
377 268
378 54
379 115
380 266
381 164
382 51
383 154
384 201
385 85
386 91
387 281
388 191
389 107
390 148
391 279
392 251
393 14
394 307
395 250
396 16
397 284
398 273
399 286
400 67
401 13
402 57
403 251
404 323
405 255
406 168
407 261
408 317
409 33
410 298
411 229
412 159
413 304
414 324
415 127
416 198
417 244
418 230
419 49
420 110
421 28
422 67
423 219
424 310
425 137
426 53
427 155
428 141
429 42
430 258
431 196
432 40
433 143
434 62
435 5
436 12
437 203
438 241
439 97
440 324
441 6
442 226
443 250
444 89
445 216
446 118
447 107
448 85
449 52
450 217
451 94
452 218
453 81
454 6
455 46
456 181
457 242
458 286
459 220
460 231
461 14
462 84
463 44
464 283
465 211
466 164
467 88
468 242
469 139
470 295
471 189
472 8
473 262
474 295
475 24

