203 56 97
1 87
2 203
3 33
4 68
5 131
6 25
7 48
8 139
9 117
10 27
11 50
12 89
13 104
14 166
15 154
16 129
17 155
18 80
19 96
20 124
21 74
22 32
23 101
24 141
25 92
26 114
27 28
28 129
29 100
30 5
31 188
32 103
33 202
34 179
35 151
36 92
37 116
38 192
39 152
40 181
41 75
42 145
43 187
44 146
45 76
46 30
47 80
48 112
49 147
50 191
51 24
52 187
53 28
54 197
55 149
56 58
57 72
58 201
59 189
60 187
61 126
62 154
63 19
64 7
65 23
66 130
67 28
68 130
69 70
70 197
71 88
72 203
73 73
74 110
75 78
76 35
77 41
78 176
79 164
80 139
81 105
82 79
83 5
84 29
85 8
86 150
87 102
88 37
89 37
90 6
91 172
92 121
93 36
94 63
95 103
96 46
97 173

