169 378 264
1 85
2 43
3 139
4 131
5 106
6 141
7 158
8 97
9 110
10 13
11 11
12 79
13 45
14 99
15 126
16 157
17 48
18 8
19 160
20 87
21 152
22 45
23 131
24 104
25 101
26 126
27 14
28 6
29 36
30 40
31 107
32 143
33 118
34 124
35 169
36 145
37 90
38 41
39 166
40 143
41 124
42 117
43 134
44 146
45 138
46 48
47 81
48 79
49 29
50 148
51 18
52 48
53 120
54 94
55 123
56 9
57 158
58 137
59 162
60 46
61 21
62 167
63 106
64 75
65 159
66 157
67 78
68 80
69 17
70 118
71 152
72 26
73 22
74 165
75 63
76 58
77 90
78 142
79 49
80 108
81 85
82 23
83 25
84 38
85 53
86 140
87 22
88 97
89 3
90 84
91 13
92 165
93 46
94 156
95 151
96 161
97 45
98 52
99 61
100 113
101 116
102 18
103 128
104 71
105 138
106 52
107 60
108 64
109 50
110 33
111 150
112 83
113 100
114 66
115 86
116 73
117 158
118 102
119 133
120 67
121 119
122 46
123 82
124 56
125 74
126 17
127 73
128 54
129 73
130 160
131 23
132 86
133 61
134 85
135 150
136 31
137 13
138 88
139 38
140 156
141 128
142 2
143 160
144 125
145 66
146 10
147 42
148 51
149 128
150 31
151 157
152 150
153 25
154 125
155 38
156 10
157 22
158 24
159 78
160 118
161 44
162 77
163 158
164 101
165 111
166 99
167 146
168 10
169 169
170 47
171 28
172 104
173 133
174 38
175 3
176 91
177 22
178 98
179 137
180 132
181 62
182 105
183 129
184 166
185 140
186 63
187 6
188 113
189 168
190 29
191 62
192 113
193 112
194 96
195 50
196 152
197 19
198 10
199 123
200 27
201 18
202 103
203 26
204 44
205 70
206 146
207 36
208 28
209 62
210 98
211 65
212 50
213 146
214 142
215 151
216 154
217 85
218 61
219 74
220 20
221 114
222 60
223 68
224 125
225 152
226 21
227 106
228 43
229 63
230 136
231 74
232 53
233 52
234 161
235 70
236 98
237 89
238 57
239 47
240 73
241 83
242 3
243 20
244 113
245 148
246 18
247 54
248 125
249 144
250 108
251 51
252 147
253 85
254 43
255 20
256 104
257 31
258 29
259 109
260 118
261 96
262 139
263 94
264 127

