51 304 129
1 24
2 10
3 11
4 3
5 41
6 31
7 13
8 40
9 47
10 28
11 47
12 30
13 17
14 10
15 27
16 37
17 44
18 29
19 34
20 18
21 16
22 45
23 41
24 51
25 34
26 11
27 1
28 46
29 35
30 51
31 40
32 45
33 11
34 1
35 40
36 1
37 15
38 27
39 37
40 46
41 23
42 10
43 43
44 7
45 44
46 42
47 26
48 50
49 34
50 50
51 48
52 47
53 48
54 38
55 35
56 13
57 20
58 2
59 7
60 51
61 16
62 16
63 7
64 37
65 14
66 46
67 49
68 20
69 18
70 23
71 24
72 2
73 40
74 20
75 11
76 29
77 2
78 1
79 17
80 11
81 25
82 41
83 15
84 30
85 17
86 44
87 12
88 34
89 18
90 43
91 51
92 30
93 41
94 12
95 26
96 49
97 9
98 45
99 18
100 6
101 45
102 7
103 3
104 29
105 1
106 17
107 13
108 50
109 16
110 49
111 39
112 38
113 22
114 15
115 28
116 29
117 39
118 21
119 42
120 51
121 15
122 26
123 15
124 28
125 16
126 11
127 46
128 27
129 46

