123 418 209
1 110
2 32
3 31
4 40
5 123
6 60
7 80
8 110
9 93
10 106
11 72
12 61
13 13
14 38
15 8
16 106
17 69
18 39
19 123
20 61
21 112
22 98
23 88
24 119
25 10
26 16
27 37
28 36
29 54
30 114
31 82
32 28
33 5
34 37
35 118
36 102
37 28
38 34
39 99
40 87
41 40
42 54
43 26
44 115
45 119
46 99
47 79
48 76
49 118
50 116
51 85
52 97
53 41
54 25
55 58
56 17
57 101
58 35
59 75
60 11
61 40
62 108
63 93
64 96
65 37
66 72
67 23
68 20
69 26
70 8
71 47
72 33
73 41
74 86
75 114
76 79
77 67
78 7
79 36
80 60
81 72
82 32
83 64
84 33
85 67
86 41
87 115
88 44
89 109
90 59
91 23
92 104
93 19
94 103
95 95
96 64
97 31
98 51
99 17
100 56
101 81
102 41
103 85
104 108
105 65
106 49
107 117
108 107
109 105
110 56
111 90
112 62
113 107
114 50
115 90
116 106
117 35
118 32
119 19
120 107
121 101
122 75
123 70
124 32
125 71
126 28
127 19
128 112
129 76
130 105
131 46
132 26
133 62
134 82
135 38
136 22
137 47
138 109
139 73
140 35
141 15
142 21
143 88
144 107
145 76
146 71
147 25
148 10
149 101
150 27
151 118
152 39
153 10
154 24
155 71
156 88
157 22
158 39
159 3
160 79
161 122
162 5
163 16
164 108
165 50
166 19
167 21
168 3
169 67
170 25
171 84
172 95
173 73
174 39
175 120
176 104
177 84
178 56
179 52
180 72
181 45
182 91
183 77
184 48
185 29
186 35
187 103
188 31
189 104
190 3
191 123
192 14
193 101
194 100
195 43
196 88
197 110
198 27
199 23
200 52
201 51
202 76
203 121
204 11
205 4
206 24
207 100
208 114
209 100

