54 59 268
1 13
2 38
3 41
4 44
5 45
6 35
7 47
8 11
9 36
10 49
11 44
12 16
13 47
14 23
15 37
16 24
17 3
18 38
19 38
20 10
21 12
22 38
23 20
24 42
25 40
26 21
27 10
28 2
29 17
30 29
31 14
32 16
33 7
34 19
35 4
36 40
37 17
38 1
39 26
40 2
41 24
42 24
43 23
44 24
45 17
46 10
47 17
48 39
49 43
50 32
51 20
52 31
53 26
54 44
55 11
56 45
57 10
58 19
59 31
60 26
61 9
62 13
63 6
64 47
65 50
66 51
67 43
68 39
69 27
70 52
71 20
72 52
73 45
74 20
75 13
76 10
77 38
78 51
79 28
80 2
81 53
82 4
83 51
84 19
85 16
86 54
87 6
88 46
89 17
90 22
91 32
92 46
93 46
94 28
95 22
96 21
97 53
98 38
99 22
100 4
101 19
102 32
103 25
104 47
105 47
106 54
107 39
108 30
109 37
110 2
111 46
112 38
113 33
114 5
115 41
116 35
117 24
118 29
119 21
120 54
121 39
122 44
123 42
124 20
125 47
126 48
127 29
128 3
129 47
130 47
131 20
132 41
133 9
134 8
135 46
136 25
137 9
138 43
139 52
140 43
141 14
142 31
143 31
144 21
145 38
146 25
147 50
148 19
149 4
150 35
151 38
152 13
153 22
154 32
155 50
156 1
157 16
158 43
159 40
160 47
161 53
162 1
163 25
164 22
165 13
166 2
167 9
168 15
169 28
170 32
171 4
172 38
173 11
174 31
175 29
176 18
177 26
178 40
179 19
180 34
181 5
182 25
183 18
184 34
185 3
186 19
187 14
188 3
189 1
190 24
191 28
192 26
193 51
194 29
195 29
196 27
197 38
198 20
199 10
200 17
201 15
202 26
203 7
204 42
205 9
206 33
207 13
208 33
209 35
210 46
211 2
212 49
213 28
214 3
215 19
216 1
217 1
218 11
219 42
220 11
221 20
222 33
223 28
224 17
225 54
226 20
227 33
228 14
229 36
230 38
231 29
232 9
233 11
234 15
235 24
236 36
237 12
238 48
239 46
240 19
241 9
242 54
243 5
244 17
245 5
246 36
247 47
248 5
249 53
250 3
251 40
252 8
253 24
254 21
255 11
256 49
257 27
258 42
259 15
260 28
261 11
262 20
263 18
264 31
265 39
266 54
267 18
268 23

