366 107 280
1 153
2 42
3 314
4 34
5 119
6 150
7 175
8 284
9 324
10 361
11 116
12 18
13 238
14 51
15 131
16 75
17 101
18 200
19 262
20 251
21 136
22 66
23 296
24 352
25 53
26 156
27 115
28 3
29 44
30 3
31 47
32 223
33 17
34 55
35 148
36 104
37 189
38 180
39 74
40 161
41 131
42 330
43 302
44 138
45 332
46 269
47 124
48 71
49 171
50 176
51 62
52 283
53 346
54 224
55 171
56 307
57 194
58 40
59 57
60 94
61 74
62 342
63 244
64 152
65 175
66 336
67 38
68 270
69 99
70 92
71 273
72 235
73 230
74 33
75 277
76 283
77 110
78 325
79 100
80 209
81 300
82 214
83 73
84 52
85 225
86 290
87 45
88 110
89 7
90 219
91 62
92 153
93 300
94 48
95 276
96 89
97 366
98 266
99 28
100 244
101 261
102 119
103 297
104 32
105 175
106 225
107 328
108 132
109 240
110 202
111 359
112 12
113 38
114 133
115 245
116 79
117 72
118 308
119 6
120 110
121 361
122 10
123 97
124 71
125 31
126 264
127 289
128 268
129 308
130 280
131 295
132 238
133 271
134 24
135 259
136 81
137 322
138 17
139 309
140 237
141 287
142 267
143 304
144 40
145 289
146 349
147 36
148 19
149 179
150 250
151 102
152 89
153 207
154 18
155 187
156 37
157 150
158 293
159 334
160 101
161 202
162 316
163 30
164 128
165 217
166 235
167 163
168 56
169 77
170 62
171 83
172 283
173 357
174 142
175 323
176 152
177 351
178 16
179 54
180 295
181 74
182 223
183 87
184 130
185 192
186 120
187 338
188 165
189 222
190 339
191 103
192 356
193 56
194 196
195 48
196 41
197 255
198 301
199 250
200 10
201 338
202 124
203 240
204 10
205 354
206 244
207 137
208 121
209 57
210 365
211 11
212 234
213 131
214 36
215 112
216 143
217 212
218 208
219 174
220 355
221 338
222 298
223 28
224 132
225 310
226 167
227 191
228 300
229 287
230 127
231 3
232 166
233 27
234 46
235 202
236 252
237 193
238 213
239 246
240 149
241 363
242 112
243 33
244 344
245 9
246 332
247 106
248 58
249 78
250 277
251 185
252 113
253 333
254 121
255 173
256 107
257 179
258 159
259 134
260 275
261 29
262 199
263 7
264 44
265 218
266 246
267 73
268 258
269 154
270 298
271 299
272 333
273 192
274 5
275 98
276 55
277 279
278 358
279 5
280 226

