66 313 164
1 66
2 57
3 34
4 27
5 61
6 5
7 55
8 60
9 27
10 5
11 61
12 19
13 28
14 45
15 19
16 57
17 59
18 12
19 7
20 54
21 50
22 16
23 1
24 7
25 48
26 29
27 65
28 5
29 33
30 2
31 52
32 21
33 11
34 17
35 59
36 43
37 19
38 59
39 12
40 42
41 23
42 51
43 8
44 61
45 65
46 50
47 27
48 30
49 22
50 38
51 40
52 33
53 61
54 44
55 66
56 61
57 50
58 27
59 6
60 5
61 56
62 43
63 33
64 44
65 51
66 21
67 10
68 27
69 24
70 39
71 36
72 52
73 62
74 33
75 3
76 31
77 43
78 37
79 26
80 4
81 20
82 46
83 4
84 65
85 48
86 31
87 26
88 16
89 7
90 10
91 34
92 50
93 42
94 44
95 18
96 2
97 65
98 65
99 23
100 17
101 64
102 20
103 50
104 53
105 7
106 20
107 63
108 6
109 57
110 46
111 19
112 5
113 54
114 33
115 22
116 65
117 15
118 41
119 12
120 58
121 57
122 7
123 2
124 16
125 1
126 63
127 54
128 63
129 19
130 43
131 46
132 47
133 1
134 43
135 63
136 30
137 7
138 36
139 20
140 53
141 37
142 32
143 36
144 51
145 33
146 65
147 63
148 8
149 34
150 40
151 39
152 45
153 49
154 65
155 36
156 43
157 33
158 24
159 14
160 44
161 45
162 24
163 34
164 62

