197 416 339
1 59
2 53
3 112
4 131
5 110
6 146
7 147
8 32
9 71
10 77
11 188
12 99
13 51
14 197
15 146
16 36
17 45
18 158
19 26
20 87
21 86
22 95
23 96
24 130
25 45
26 151
27 16
28 47
29 183
30 191
31 118
32 102
33 133
34 42
35 86
36 115
37 16
38 42
39 92
40 133
41 58
42 125
43 189
44 151
45 26
46 148
47 186
48 154
49 135
50 120
51 160
52 168
53 140
54 175
55 158
56 17
57 52
58 160
59 89
60 47
61 55
62 52
63 8
64 183
65 85
66 28
67 152
68 36
69 50
70 16
71 115
72 89
73 70
74 67
75 164
76 29
77 2
78 103
79 194
80 65
81 17
82 3
83 85
84 70
85 22
86 184
87 7
88 59
89 101
90 7
91 25
92 164
93 161
94 146
95 68
96 142
97 33
98 88
99 136
100 3
101 183
102 15
103 54
104 167
105 176
106 9
107 49
108 141
109 37
110 36
111 196
112 62
113 125
114 185
115 85
116 65
117 183
118 157
119 196
120 78
121 157
122 116
123 82
124 195
125 97
126 60
127 136
128 32
129 113
130 118
131 151
132 75
133 144
134 103
135 118
136 35
137 66
138 45
139 44
140 127
141 186
142 72
143 24
144 33
145 56
146 11
147 124
148 180
149 106
150 44
151 30
152 53
153 182
154 55
155 182
156 177
157 190
158 13
159 44
160 29
161 55
162 25
163 80
164 99
165 136
166 48
167 107
168 19
169 10
170 162
171 178
172 24
173 172
174 187
175 92
176 185
177 41
178 59
179 20
180 18
181 113
182 112
183 68
184 83
185 123
186 110
187 67
188 161
189 60
190 14
191 117
192 157
193 182
194 174
195 182
196 59
197 125
198 47
199 67
200 128
201 73
202 188
203 8
204 35
205 122
206 103
207 18
208 46
209 87
210 112
211 55
212 138
213 103
214 137
215 169
216 147
217 113
218 13
219 6
220 135
221 147
222 50
223 59
224 66
225 153
226 160
227 184
228 99
229 85
230 89
231 25
232 72
233 169
234 13
235 134
236 56
237 178
238 74
239 17
240 155
241 15
242 134
243 60
244 157
245 28
246 170
247 175
248 60
249 70
250 142
251 41
252 133
253 14
254 160
255 161
256 1
257 139
258 116
259 2
260 94
261 145
262 193
263 58
264 128
265 150
266 32
267 132
268 193
269 65
270 63
271 7
272 77
273 173
274 29
275 36
276 118
277 188
278 157
279 164
280 161
281 195
282 177
283 4
284 75
285 6
286 74
287 171
288 65
289 164
290 14
291 49
292 174
293 89
294 154
295 162
296 154
297 68
298 48
299 102
300 142
301 65
302 31
303 26
304 23
305 176
306 128
307 132
308 5
309 33
310 71
311 170
312 27
313 34
314 90
315 63
316 99
317 50
318 85
319 86
320 106
321 60
322 30
323 190
324 145
325 174
326 42
327 184
328 48
329 65
330 63
331 71
332 124
333 22
334 48
335 53
336 74
337 157
338 62
339 35

