245 443 382
1 118
2 23
3 27
4 239
5 69
6 34
7 68
8 222
9 218
10 26
11 201
12 36
13 60
14 88
15 29
16 214
17 190
18 72
19 166
20 35
21 142
22 18
23 225
24 199
25 47
26 108
27 231
28 27
29 142
30 158
31 60
32 182
33 202
34 197
35 95
36 63
37 11
38 171
39 44
40 159
41 218
42 159
43 181
44 15
45 74
46 226
47 20
48 44
49 145
50 168
51 219
52 112
53 40
54 111
55 142
56 70
57 50
58 116
59 156
60 13
61 177
62 223
63 141
64 136
65 51
66 104
67 183
68 113
69 131
70 236
71 93
72 141
73 41
74 233
75 40
76 7
77 210
78 34
79 122
80 149
81 5
82 56
83 23
84 44
85 197
86 197
87 107
88 78
89 114
90 162
91 166
92 219
93 155
94 218
95 125
96 117
97 175
98 95
99 94
100 55
101 86
102 104
103 83
104 133
105 218
106 128
107 74
108 191
109 71
110 103
111 227
112 152
113 41
114 117
115 164
116 145
117 150
118 227
119 238
120 31
121 237
122 23
123 110
124 146
125 202
126 174
127 160
128 6
129 169
130 37
131 180
132 110
133 61
134 232
135 91
136 32
137 94
138 2
139 80
140 214
141 50
142 3
143 72
144 201
145 57
146 217
147 26
148 111
149 141
150 147
151 173
152 206
153 235
154 119
155 110
156 9
157 185
158 16
159 21
160 3
161 105
162 193
163 214
164 133
165 84
166 228
167 187
168 36
169 78
170 107
171 38
172 134
173 3
174 95
175 191
176 210
177 123
178 203
179 43
180 80
181 12
182 24
183 64
184 46
185 174
186 235
187 70
188 191
189 79
190 127
191 206
192 37
193 47
194 62
195 221
196 12
197 107
198 24
199 146
200 41
201 224
202 242
203 36
204 73
205 175
206 10
207 171
208 151
209 206
210 170
211 164
212 184
213 176
214 79
215 207
216 9
217 83
218 105
219 200
220 120
221 3
222 17
223 237
224 147
225 200
226 181
227 82
228 168
229 127
230 157
231 68
232 16
233 111
234 136
235 99
236 54
237 37
238 159
239 187
240 88
241 207
242 7
243 72
244 22
245 242
246 11
247 7
248 138
249 27
250 240
251 157
252 62
253 20
254 223
255 177
256 225
257 23
258 1
259 216
260 243
261 197
262 87
263 213
264 176
265 245
266 144
267 105
268 219
269 61
270 137
271 193
272 53
273 147
274 68
275 193
276 207
277 76
278 183
279 206
280 79
281 67
282 101
283 24
284 157
285 172
286 179
287 160
288 92
289 92
290 60
291 100
292 93
293 118
294 64
295 157
296 235
297 171
298 113
299 219
300 182
301 99
302 89
303 106
304 16
305 14
306 183
307 191
308 172
309 187
310 103
311 136
312 147
313 79
314 207
315 183
316 210
317 240
318 224
319 90
320 105
321 172
322 51
323 49
324 112
325 97
326 174
327 156
328 225
329 243
330 32
331 31
332 67
333 58
334 208
335 82
336 80
337 190
338 160
339 141
340 191
341 65
342 182
343 177
344 223
345 85
346 155
347 190
348 171
349 173
350 43
351 93
352 166
353 135
354 229
355 44
356 125
357 177
358 44
359 193
360 213
361 37
362 222
363 109
364 190
365 66
366 164
367 122
368 164
369 183
370 2
371 12
372 44
373 51
374 174
375 86
376 180
377 178
378 125
379 15
380 214
381 7
382 211

