303 334 376
1 224
2 197
3 291
4 81
5 289
6 97
7 276
8 4
9 52
10 60
11 246
12 9
13 184
14 277
15 277
16 135
17 206
18 65
19 73
20 199
21 219
22 164
23 200
24 179
25 294
26 91
27 219
28 214
29 12
30 28
31 302
32 294
33 135
34 78
35 184
36 233
37 245
38 175
39 244
40 235
41 124
42 296
43 213
44 269
45 68
46 281
47 144
48 294
49 184
50 130
51 177
52 41
53 49
54 275
55 129
56 51
57 38
58 161
59 189
60 48
61 77
62 3
63 274
64 92
65 254
66 297
67 42
68 177
69 137
70 156
71 57
72 254
73 28
74 81
75 250
76 17
77 284
78 286
79 249
80 298
81 13
82 123
83 29
84 217
85 48
86 151
87 275
88 83
89 211
90 148
91 120
92 238
93 42
94 276
95 204
96 72
97 106
98 110
99 250
100 22
101 143
102 251
103 81
104 258
105 161
106 268
107 78
108 122
109 245
110 264
111 87
112 299
113 292
114 111
115 198
116 22
117 69
118 204
119 264
120 102
121 83
122 85
123 218
124 288
125 210
126 144
127 66
128 192
129 172
130 105
131 42
132 256
133 225
134 13
135 95
136 111
137 127
138 16
139 259
140 101
141 235
142 25
143 230
144 20
145 42
146 20
147 130
148 3
149 101
150 127
151 110
152 40
153 277
154 31
155 47
156 288
157 137
158 38
159 215
160 201
161 88
162 241
163 193
164 147
165 16
166 122
167 89
168 194
169 272
170 239
171 35
172 72
173 161
174 255
175 213
176 130
177 220
178 133
179 135
180 142
181 238
182 285
183 276
184 122
185 101
186 240
187 182
188 40
189 17
190 288
191 204
192 121
193 88
194 213
195 234
196 216
197 228
198 181
199 138
200 288
201 184
202 120
203 122
204 87
205 8
206 13
207 82
208 85
209 130
210 101
211 173
212 299
213 81
214 184
215 168
216 194
217 295
218 65
219 250
220 138
221 153
222 274
223 185
224 252
225 218
226 41
227 236
228 64
229 49
230 196
231 75
232 234
233 84
234 204
235 46
236 85
237 130
238 9
239 231
240 136
241 206
242 261
243 66
244 72
245 156
246 222
247 59
248 248
249 73
250 286
251 64
252 287
253 204
254 285
255 289
256 27
257 205
258 294
259 198
260 94
261 73
262 281
263 92
264 13
265 39
266 5
267 194
268 121
269 145
270 279
271 233
272 99
273 14
274 260
275 142
276 16
277 248
278 276
279 79
280 182
281 42
282 287
283 288
284 273
285 259
286 233
287 234
288 198
289 286
290 188
291 56
292 77
293 190
294 282
295 189
296 264
297 64
298 237
299 259
300 260
301 12
302 199
303 203
304 56
305 37
306 67
307 213
308 2
309 165
310 129
311 119
312 199
313 163
314 115
315 6
316 99
317 5
318 169
319 13
320 116
321 131
322 219
323 154
324 73
325 142
326 46
327 102
328 19
329 272
330 184
331 72
332 286
333 121
334 30
335 53
336 67
337 253
338 119
339 194
340 50
341 283
342 297
343 91
344 79
345 47
346 76
347 16
348 168
349 138
350 156
351 242
352 183
353 209
354 220
355 63
356 144
357 31
358 188
359 20
360 42
361 43
362 292
363 156
364 211
365 114
366 71
367 24
368 72
369 88
370 155
371 2
372 185
373 4
374 63
375 189
376 57

