150 346 214
1 122
2 74
3 54
4 109
5 11
6 69
7 102
8 123
9 7
10 1
11 146
12 110
13 65
14 138
15 109
16 62
17 104
18 123
19 19
20 42
21 140
22 142
23 137
24 15
25 134
26 74
27 39
28 58
29 38
30 6
31 27
32 94
33 106
34 126
35 26
36 97
37 35
38 126
39 81
40 139
41 102
42 18
43 8
44 72
45 85
46 121
47 37
48 74
49 10
50 106
51 143
52 34
53 12
54 97
55 2
56 34
57 32
58 32
59 30
60 17
61 76
62 115
63 92
64 57
65 127
66 24
67 128
68 145
69 99
70 112
71 133
72 32
73 142
74 123
75 110
76 73
77 5
78 69
79 61
80 135
81 13
82 83
83 54
84 111
85 115
86 5
87 46
88 25
89 25
90 144
91 121
92 86
93 96
94 46
95 28
96 144
97 92
98 20
99 124
100 93
101 87
102 121
103 136
104 58
105 73
106 9
107 112
108 83
109 79
110 89
111 78
112 43
113 123
114 51
115 41
116 123
117 79
118 126
119 17
120 140
121 15
122 84
123 54
124 113
125 105
126 99
127 63
128 69
129 61
130 122
131 56
132 25
133 125
134 81
135 20
136 90
137 68
138 93
139 60
140 71
141 61
142 5
143 73
144 143
145 28
146 148
147 8
148 81
149 18
150 120
151 46
152 32
153 142
154 44
155 116
156 82
157 124
158 21
159 64
160 146
161 110
162 43
163 92
164 66
165 150
166 26
167 73
168 135
169 80
170 92
171 102
172 95
173 85
174 109
175 87
176 113
177 37
178 9
179 26
180 103
181 27
182 87
183 33
184 38
185 63
186 91
187 3
188 59
189 91
190 50
191 6
192 19
193 121
194 53
195 35
196 9
197 3
198 27
199 11
200 44
201 64
202 78
203 53
204 94
205 116
206 4
207 49
208 49
209 77
210 47
211 87
212 12
213 66
214 94

