50 128 4
38 48 9603
20 16 1382
24 30 1024
25 5 280
20 32 1246
31 5 564
45 11 1166
19 25 685
49 40 991
15 25 1233
37 14 1616
4 26 1586
35 13 1515
16 15 1036
42 26 476
44 4 125
32 8 148
36 46 1376
26 39 660
36 44 48
1 20 1482
41 12 113
39 45 2067
19 34 330
37 39 1214
34 27 2261
37 23 1576
25 31 766
27 35 577
45 2 923
45 18 335
22 49 1310
49 4 4312
3 2 6043
26 38 1071
31 36 688
4 7 1400
38 1 1353
32 23 404
47 12 1101
47 28 8815
16 24 219
4 21 1140
25 45 506
22 4 594
18 2 165
21 1 1585
28 35 584
47 38 788
13 7 6907
49 30 1353
33 23 8189
13 10 1249
26 50 1078
26 32 999
9 40 4134
26 40 1266
45 42 105
28 16 310
49 23 5690
7 44 422
32 47 604
9 13 331
23 7 577
7 21 367
42 43 1371
42 38 1093
19 43 3213
34 24 685
36 39 1414
7 42 5664
7 11 932
4 1 2095
17 48 1024
26 28 263
41 3 36
46 17 9661
12 5 1027
48 8 996
49 35 2551
26 14 819
19 32 1574
39 48 7023
1 30 3479
30 50 8540
6 35 431
37 17 1272
10 1 7463
18 1 1001
5 3 1364
33 27 941
10 3 795
1 34 208
8 6 1541
32 34 7029
36 19 5599
13 1 41
2 50 28
15 1 698
3 8 1378
25 46 1674
9 27 1457
46 38 242
49 48 3464
17 3 4506
20 1 1044
27 19 1404
30 42 6065
22 43 865
31 49 1481
41 18 366
24 28 110
27 43 1398
4 29 8095
28 10 1327
34 17 297
30 33 870
23 3 615
44 21 1011
46 23 1185
22 48 1498
5 50 82
4 23 886
13 8 1333
24 37 939
38 7 1356
17 21 759
1 17 4348
1 50
