50 51 3337 4
39 43 457 1
11 16 2027 0
50 22 1586 1
11 7 1497 1
19 24 182 1
8 45 1970 1
32 39 2361 1
34 13 3112 1
8 47 2293 1
3 43 3046 0
32 16 4130 1
36 10 2009 1
43 36 725 1
37 28 3479 1
8 33 2211 1
42 48 7696 0
12 23 339 1
2 24 2713 1
36 50 1229 0
47 25 7139 1
5 15 2584 0
33 7 7323 0
9 38 1723 0
29 3 1198 1
25 38 1159 1
19 17 1730 1
43 3 1876 1
48 26 131 0
29 30 2393 1
43 44 823 0
25 29 294 0
13 36 1144 0
2 10 2729 1
37 24 1755 1
24 4 1278 1
38 13 3726 0
3 26 2279 0
7 45 2420 0
24 4 2420 0
28 26 8116 1
23 10 2437 1
25 13 6532 1
38 31 1843 1
26 17 219 1
37 23 9785 0
16 28 2378 0
27 5 1005 1
25 1 2034 1
44 47 256 0
35 2 2160 1
9 45 1148 1
1 50
