50 100 1
20 22 3596
26 42 3596
48 24 3594
26 14 3597
10 40 3591
33 35 3597
21 31 3597
25 22 3592
18 6 3595
4 10 3597
49 30 22
40 47 3593
6 19 246
1 23 2
1 37 2
8 24 314
24 11 85
46 27 20
36 50 2447
5 10 3596
24 30 3592
34 39 228
16 31 3597
9 12 3595
46 23 3597
30 27 3595
14 12 155
29 32 202
38 24 3599
14 11 243
40 7 278
41 7 303
26 31 3590
33 3 3596
18 38 237
30 15 53
22 8 3592
28 25 3595
32 42 3599
40 12 3599
9 10 158
20 12 165
6 44 110
45 28 3595
32 17 3595
46 48 3595
40 17 1045
10 17 3593
16 50 991
8 3 433
32 25 25
2 17 3599
21 43 208
13 49 101
6 37 3597
5 46 3592
2 1 245
27 26 3590
18 37 49
41 35 257
22 28 247
5 24 3599
37 22 3596
21 6 3591
28 21 266
29 5 71
50 17 1722
19 4 233
46 45 579
15 42 169
13 47 682
43 35 299
3 38 3599
26 9 151
49 31 3596
46 7 3594
48 47 908
30 39 3592
5 15 3598
25 24 3594
19 32 3596
8 36 3591
42 5 64
33 36 406
27 33 1035
34 23 106
18 16 3591
11 30 3598
26 2 146
11 6 3596
22 4 181
2 44 3593
38 37 3595
31 39 92
45 3 169
38 44 197
20 10 190
31 25 210
48 16 10
23 22 3594
1 50
