200 161 10
107 172 13
78 85 9463
36 189 41
149 67 5402
12 13 4251
170 174 8257
145 187 54
53 148 47
63 100 12
192 172 9752
162 71 23
77 10 27
27 83 1693
1 94 6335
43 92 68
78 160 19
20 86 8255
52 66 88
176 138 7723
104 38 63
120 144 7729
75 27 11
67 165 76
191 54 7676
189 7 60
102 120 3477
135 163 97
51 18 8
148 23 44
133 14 3
197 96 33
153 77 347
25 21 9232
142 150 304
168 180 79
10 79 6189
46 38 8187
61 126 8679
119 187 2934
75 73 74
44 157 64
16 34 62
104 137 88
64 116 78
158 167 9154
87 46 8
97 23 67
178 40 45
91 63 92
160 198 42
128 148 9
71 75 99
76 193 32
171 36 3980
125 14 571
58 111 97
29 119 58
29 93 82
37 188 7417
36 157 7285
20 175 76
190 75 11
112 127 89
182 8 5712
146 67 6
123 177 25
17 175 3045
72 136 1365
32 137 54
66 129 8936
35 120 64
51 191 33
159 22 1
10 51 3979
17 4 1
172 138 15
164 128 26
87 85 25
74 134 9
78 145 78
75 58 70
153 159 50
77 25 67
168 64 61
164 160 69
117 119 46
169 184 20
108 96 50
74 9 43
108 99 351
196 132 94
199 179 76
59 93 7885
127 111 5
121 28 8661
177 82 20
119 104 5855
122 135 6695
59 16 93
135 190 1819
92 86 63
145 95 6702
190 51 67
180 105 36
120 153 1999
90 91 8778
112 102 42
102 20 34
23 19 22
115 33 27
53 89 7007
56 23 94
22 196 3643
78 13 7323
146 128 1
28 175 24
167 55 3150
10 174 9
193 158 12
110 4 19
133 200 20
6 98 14
140 152 1902
159 49 8
141 69 87
64 121 6039
160 54 8836
133 84 7897
5 46 1
42 55 61
72 70 9407
167 50 5962
19 96 20
93 161 80
98 36 5639
188 8 86
73 145 9484
131 179 9627
14 66 82
59 33 34
52 163 8
122 198 41
30 88 327
115 188 5059
116 107 37
190 84 95
40 81 2757
135 177 3715
165 13 24
176 45 2662
186 137 70
159 99 79
107 157 84
152 101 69
6 28 30
73 179 6190
82 115 84
191 134 92
25 129 68
30 4 4063
86 128 78
1 200
