200 1017 2
176 174 1357
68 151 3854
180 76 9004
159 106 1100
9 103 491
167 20 527
137 129 531
63 22 1254
49 60 4994
144 120 3833
17 125 403
193 124 718
38 61 1063
84 177 821
57 156 2710
41 194 1178
99 64 2890
31 92 673
36 19 547
44 154 7278
63 111 87
84 145 943
161 112 1222
21 39 809
49 5 5786
181 78 823
189 106 550
178 117 4950
40 113 1252
2 93 1333
89 13 244
31 54 575
116 192 948
151 27 7314
146 129 1195
185 61 408
93 154 327
20 128 698
42 84 1137
181 185 9159
28 138 468
86 106 6238
73 84 447
115 56 5205
184 139 107
8 6 348
168 90 37
119 194 3685
129 8 4178
44 78 473
166 35 802
24 160 906
163 84 689
4 54 4794
16 144 166
73 72 194
144 37 870
59 175 2770
184 113 7959
41 167 9982
74 189 1654
190 60 511
58 32 8114
121 158 4578
196 186 114
88 25 968
57 103 9319
158 182 9505
57 176 708
12 127 1270
96 2 9170
99 106 687
2 85 576
164 39 7989
47 190 213
131 13 7308
63 69 1243
98 99 1371
145 180 1962
196 87 7132
6 99 8344
126 178 2988
69 73 3438
102 36 6421
104 39 9351
188 157 2295
111 167 7574
61 65 4876
32 22 1258
92 52 3487
57 181 4045
67 196 1352
97 74 5282
12 165 1064
36 91 3399
154 1 4805
61 143 891
150 148 1316
23 37 1019
7 67 8861
194 188 8730
144 12 876
99 118 391
68 142 38
46 191 8534
45 181 889
109 187 56
96 184 231
154 162 3106
16 96 845
54 131 589
4 160 270
190 184 1341
164 74 181
76 17 1102
169 152 5132
181 101 604
96 15 1422
59 4 930
52 129 8481
67 60 541
96 69 5075
63 51 718
113 190 868
84 140 5907
88 10 1232
164 149 176
127 195 884
175 157 6285
178 156 12
33 196 255
169 103 846
18 174 5065
85 14 6147
115 122 1181
129 192 475
113 53 1273
191 115 1346
121 4 196
67 2 536
161 93 3074
120 26 9596
117 159 1227
182 163 3731
17 20 443
97 116 349
41 125 9832
183 199 1142
114 65 1244
85 6 873
72 10 677
14 176 1718
156 82 1402
118 159 194
5 196 182
17 12 530
7 94 1006
84 89 7716
125 81 353
107 110 751
164 155 954
105 160 551
105 191 1201
136 130 512
82 107 371
161 30 6411
179 129 867
72 89 1325
22 111 871
63 186 9911
107 54 7771
43 68 646
55 125 1373
99 91 829
99 170 494
147 180 195
83 181 9516
94 159 807
169 57 924
170 62 335
171 57 6685
124 181 965
193 172 264
140 15 1061
155 26 1006
30 23 7224
17 87 1050
183 185 70
62 97 1040
161 74 2545
24 84 565
133 164 312
10 5 591
6 141 3719
68 2 942
73 134 964
61 86 387
155 69 8729
13 64 1293
5 4 6747
40 84 897
61 184 16
182 112 1339
119 138 918
47 38 5953
171 46 998
21 109 924
136 71 178
111 149 603
112 82 3094
27 132 2728
3 99 1077
85 45 7092
28 55 5868
2 155 6025
49 18 474
172 145 3657
26 161 861
197 116 6302
1 113 8712
67 110 8411
106 40 71
53 134 971
153 162 811
43 31 1080
142 132 453
70 28 139
29 55 2747
18 169 624
121 104 1090
24 143 1098
32 28 347
120 117 6215
95 33 1140
136 147 1116
47 48 1416
44 177 7244
10 106 1309
132 69 619
80 33 1177
35 47 533
87 110 1413
96 118 1287
151 78 656
131 27 708
193 71 1300
110 15 6455
13 3 788
188 122 40
102 53 8923
126 149 2091
116 42 1411
96 12 156
191 3 1481
91 136 1346
145 92 5863
110 197 2256
81 177 876
46 69 874
170 171 8691
4 79 1134
126 41 9296
100 60 1191
93 119 592
37 81 3691
6 9 5559
54 49 88
184 100 821
76 179 761
81 146 891
120 103 5627
9 16 5316
152 101 8312
124 190 2255
26 153 534
18 133 376
141 90 792
184 67 88
98 38 6674
121 150 1223
99 171 5099
99 57 890
144 113 1217
200 53 596
181 152 927
118 79 8614
6 34 1063
84 92 1129
73 177 7155
109 80 1046
121 3 9090
78 66 1423
127 179 4836
161 188 3806
102 147 2712
167 100 448
125 48 1312
171 51 1120
109 183 5375
49 138 713
47 9 847
148 14 1338
59 82 8749
71 135 976
163 18 4274
125 29 1327
78 5 5932
88 193 374
129 50 238
20 136 1385
30 167 452
166 70 728
170 113 5263
136 75 531
196 12 258
1 139 7557
94 168 3681
179 123 7338
26 158 1202
150 12 761
115 200 421
160 2 877
156 48 187
139 31 945
137 54 905
186 190 7507
71 95 1118
25 83 554
199 174 77
124 60 1203
36 113 154
93 106 1375
11 98 9798
118 106 966
145 193 7821
146 126 34
3 146 1332
133 117 1000
163 56 6866
191 106 206
80 142 1402
47 76 495
60 31 954
70 153 934
60 162 437
46 36 1333
178 89 1126
143 197 412
9 184 752
25 132 804
165 89 1385
8 90 25
68 157 1168
122 15 151
38 103 19
9 116 4446
23 134 383
92 8 382
131 57 668
54 37 1062
113 165 9075
29 81 909
77 114 8545
65 129 399
126 198 6499
117 54 490
3 102 413
61 68 323
123 138 1944
71 155 8792
1 119 671
20 109 869
153 7 1333
26 77 362
190 168 1364
36 83 1397
49 45 122
89 108 1252
129 178 5359
3 81 1048
47 97 7560
78 168 240
29 155 512
133 82 1239
77 120 677
200 65 422
115 53 339
136 133 1051
81 36 1067
110 111 1325
27 142 727
71 82 59
145 141 1231
142 122 741
107 64 655
81 42 937
177 167 642
136 97 870
200 87 881
177 165 839
116 33 451
122 25 305
8 44 2445
21 185 142
106 179 609
134 59 4422
17 200 1083
187 49 6950
168 192 393
14 18 12
106 25 94
172 33 599
20 159 7478
77 117 1263
179 71 1157
159 154 902
104 55 4058
140 165 1269
164 93 575
146 48 1218
112 11 1281
195 72 297
159 24 1252
178 50 275
19 192 860
180 30 257
159 51 243
39 24 1298
28 99 430
28 12 938
133 4 5795
191 27 1112
36 70 973
155 85 1283
77 126 1117
145 43 3412
116 15 6010
7 120 1185
57 70 860
62 146 721
85 23 1301
182 136 8089
165 3 3129
126 182 117
93 124 4201
2 126 130
160 65 464
141 194 2
133 139 1421
128 189 1261
142 41 1526
2 137 856
158 198 538
133 33 26
129 69 893
139 85 707
72 177 7012
33 6 9760
173 132 1140
48 121 1336
117 44 666
77 92 922
98 169 635
117 174 6610
179 135 875
11 181 1309
2 176 1417
53 36 421
91 113 1310
61 114 4290
1 153 248
158 86 9289
44 35 788
198 29 889
177 32 500
142 183 506
93 144 286
155 77 1386
28 96 373
106 77 250
106 2 313
155 135 4428
137 178 3403
19 71 5295
161 2 644
66 129 3722
110 85 662
10 50 9458
17 135 57
157 65 556
51 11 593
195 1 1270
139 66 857
114 83 347
51 132 345
114 89 180
189 116 7438
28 38 8235
96 156 1089
1 176 290
165 26 218
78 27 587
42 32 180
104 189 1142
194 139 1358
50 190 339
166 92 51
9 138 4737
92 64 516
179 77 668
2 177 309
150 169 626
176 113 1612
191 85 248
130 170 3818
44 98 1828
7 174 526
197 76 6487
85 88 389
170 83 7982
154 134 669
139 104 7806
55 108 371
179 175 8322
118 110 14
14 27 864
183 62 772
30 15 585
23 10 860
190 73 797
146 98 1152
70 5 967
93 39 1267
116 161 1315
189 173 2760
170 122 497
141 21 450
171 126 953
108 96 658
40 151 4684
102 33 1196
115 188 1149
12 176 1088
2 169 1236
50 102 8694
100 33 1313
199 170 9727
113 100 6766
191 149 1250
43 102 1041
86 96 776
45 141 881
40 123 4145
43 192 1264
134 10 8747
33 21 638
119 161 1271
168 200 682
164 82 176
45 115 4553
77 74 339
182 83 1481
66 181 4407
119 11 340
26 122 4692
78 153 32
2 128 1350
102 120 105
5 52 288
141 101 1466
44 156 4685
118 189 16
148 200 600
96 8 1363
88 161 18
136 191 7613
87 6 625
15 5 372
148 67 1324
114 185 8817
195 19 8974
128 165 2059
155 16 600
25 14 1045
43 53 1347
167 49 1378
156 64 532
19 123 835
75 6 6539
27 19 8550
91 58 1185
152 22 7895
61 113 8231
57 73 2023
112 43 1250
130 8 902
40 66 705
114 144 818
9 31 901
143 109 479
151 187 7671
79 21 293
117 83 501
2 6 637
25 26 8405
63 79 192
169 119 1329
181 4 943
185 44 176
57 72 36
72 187 1009
39 110 382
148 169 369
58 193 2057
184 136 567
33 120 1123
40 178 901
88 47 1353
161 12 616
200 132 8744
142 127 509
134 125 487
100 190 576
183 33 8626
45 80 8
86 154 1223
10 137 964
91 157 1285
28 169 317
5 31 178
127 89 6624
53 166 1078
194 153 223
168 110 260
185 45 61
175 6 17
167 106 1393
19 175 2864
29 90 4
92 102 5475
125 75 363
32 171 1372
16 188 244
81 66 882
85 16 2820
123 192 2235
163 94 50
20 164 345
144 97 1263
115 187 247
111 189 289
61 5 4342
132 64 95
32 70 548
20 108 583
145 154 1090
120 76 1501
160 85 1130
133 120 39
45 41 767
153 180 588
87 32 6294
158 115 7431
58 158 166
151 154 135
128 142 667
152 190 629
112 82 1403
150 147 509
42 120 1130
9 36 538
191 53 238
95 169 1103
193 122 645
32 119 729
128 23 5551
56 47 498
42 115 1144
91 173 7869
113 81 939
138 88 2219
47 120 6529
153 200 196
173 153 1053
198 79 295
198 54 618
112 27 700
21 190 48
3 52 3540
195 86 1074
65 9 9030
75 123 4635
181 19 984
130 146 487
71 194 907
1 47 6103
22 183 153
56 82 146
171 7 241
121 160 7622
127 144 626
69 28 934
70 147 653
67 21 5899
96 142 1308
109 51 203
60 133 5224
137 18 841
93 49 185
84 11 1047
14 114 9168
28 130 9519
72 18 6468
38 163 2731
76 38 6724
43 40 1184
197 43 278
148 177 964
141 46 2517
19 109 1869
3 29 1072
86 100 880
90 115 375
34 133 692
74 8 296
74 130 197
194 174 1169
128 50 8662
196 56 834
88 78 7599
74 39 960
23 106 695
87 96 7264
118 192 1720
15 122 784
47 118 560
145 39 409
131 16 457
161 157 5943
148 162 412
117 162 5662
200 15 2749
138 19 6602
119 95 809
73 200 230
50 99 1007
200 169 9645
50 155 631
73 85 944
166 26 1159
147 155 333
154 166 1062
162 37 299
80 175 553
154 35 810
45 75 7963
117 186 116
76 183 62
76 98 8181
189 110 382
99 196 6797
47 25 1150
67 148 363
49 158 1252
151 72 991
14 78 1213
147 84 937
157 49 623
10 113 1353
142 153 887
146 159 9316
181 80 1301
186 13 593
93 190 121
15 177 2863
145 159 9348
108 30 4018
78 136 9882
183 78 877
28 66 416
147 29 17
153 134 1850
55 102 344
68 14 120
141 49 3028
175 8 177
138 80 690
63 59 2139
4 187 92
105 49 624
77 96 364
160 115 1215
138 81 1662
28 172 623
65 83 305
108 117 1328
193 103 143
167 178 1406
117 191 2168
133 131 2330
77 7 1021
117 87 1088
41 128 7383
151 103 2888
127 164 573
70 59 1280
90 75 1053
196 92 23
17 146 670
159 13 150
143 13 258
195 76 5460
20 49 626
59 97 1429
22 82 669
51 174 8690
18 125 615
199 93 652
185 39 5904
52 22 825
113 173 1711
49 37 966
11 184 881
112 109 3449
145 63 405
93 169 9304
181 128 1300
48 167 457
15 88 6266
166 67 1364
87 13 5698
41 82 1212
87 26 195
105 191 2869
88 130 3865
11 165 6634
186 118 117
145 38 926
45 38 381
183 27 747
127 77 1229
67 130 1280
23 38 296
22 112 580
81 102 969
141 20 324
81 151 8801
162 181 992
76 37 7600
179 131 783
116 142 784
174 177 259
91 191 1086
102 95 416
167 139 96
127 90 323
109 186 8633
84 41 1035
71 115 935
5 73 9136
63 81 304
146 107 1212
170 149 6378
21 84 592
180 91 1265
41 112 2509
39 26 250
175 57 1217
101 181 907
131 95 1394
101 15 8135
79 46 1164
78 164 9294
151 180 850
125 25 3103
21 68 369
108 154 1078
92 82 4872
158 163 261
51 92 277
152 86 864
65 75 9932
86 66 410
58 149 67
198 77 4063
81 72 85
117 124 1388
99 161 8569
48 120 820
167 72 1303
101 88 9268
69 99 1204
196 128 6886
160 9 913
130 138 1249
67 97 7823
86 43 1352
2 133 804
92 154 7130
51 52 939
168 95 257
170 133 1081
61 174 1390
143 55 810
153 22 1218
195 69 998
199 168 702
21 77 479
57 75 471
187 67 446
122 186 7084
166 33 8196
14 71 171
194 22 698
189 164 234
174 9 3898
138 196 1246
25 179 1038
170 31 5653
66 68 5051
189 34 2490
190 59 364
192 84 5821
157 193 5238
46 1 4945
67 50 7916
2 91 1063
43 182 1224
29 169 803
179 38 385
149 37 116
78 42 790
36 22 615
92 20 687
94 138 691
9 109 1091
181 85 448
9 72 9448
94 87 953
114 86 46
177 39 917
91 82 1139
166 168 169
146 200 342
95 40 187
159 95 714
88 152 4378
80 51 1010
172 7 855
129 119 1079
81 31 564
186 35 1269
35 165 431
82 179 8264
90 4 130
123 187 46
156 33 4628
171 13 163
142 19 8906
13 162 3504
56 25 5657
8 86 159
133 174 196
111 82 9504
96 68 23
30 103 2454
131 98 1292
102 179 670
181 15 5306
31 94 338
154 174 947
74 81 1331
70 71 7782
69 130 784
188 161 101
38 148 8328
172 86 900
49 180 1358
59 60 897
180 68 2407
138 183 264
59 20 1139
171 154 268
188 2 7256
191 182 9394
140 90 3078
134 41 9688
100 34 961
108 39 7645
90 185 8307
141 104 9874
165 64 369
60 22 723
86 112 1113
106 27 3763
28 94 1409
19 100 2879
137 124 753
170 169 513
8 195 8914
118 88 995
17 86 328
164 196 6773
46 136 1423
131 104 1384
116 57 187
86 96 773
74 89 42
97 74 435
147 157 859
138 171 7991
115 85 4350
106 163 4080
179 12 454
159 135 7749
116 176 4947
109 116 155
1 200
