200 1000 3
27 38 3593
152 50 3598
7 126 59
81 101 3598
98 104 3599
114 9 3590
63 38 46
165 10 3590
143 128 3595
150 12 3598
163 62 3595
70 63 3592
184 192 136
197 136 3594
127 103 3597
20 120 111
153 20 3595
14 69 3595
10 148 4
122 112 3592
61 157 47
53 28 3596
187 18 535
112 56 3590
123 163 3595
80 151 3590
195 80 3598
87 13 11
84 23 140
43 108 13
193 92 3594
60 117 3594
2 142 3592
93 175 20
187 150 155
35 107 3591
64 30 3590
28 147 3593
113 21 32
65 134 41
5 78 3593
176 32 3592
73 83 3590
140 87 3593
189 98 3590
119 41 3594
73 195 272
122 190 3597
184 132 3597
175 88 3591
156 52 3593
95 80 3596
133 140 3590
178 175 3590
95 199 4269
71 117 3594
103 188 26
84 116 3599
25 81 3592
3 52 3599
137 55 3596
181 40 3597
78 138 105
27 126 3595
89 190 3597
43 34 3596
4 179 3595
190 51 3598
81 194 3598
60 127 1
37 139 3594
79 21 3591
157 85 3590
159 16 3592
70 144 3592
13 61 3599
12 90 70
199 128 3599
158 109 56
192 152 3599
26 198 50
93 23 3599
141 154 78
138 180 4377
162 6 1
164 102 3597
114 22 3597
193 54 3593
16 48 3591
103 36 3593
22 127 3595
85 103 3592
194 169 3591
14 35 3592
191 18 3599
182 55 3595
176 11 34
57 59 3590
184 69 3591
135 147 3591
95 122 3592
159 131 3597
86 4 3592
63 53 3599
165 121 3598
165 113 3593
175 94 3593
102 24 3594
64 49 3592
129 107 3598
40 160 3590
16 101 14
20 145 3598
41 37 3599
144 117 45
74 179 3593
50 15 40
165 87 3593
106 44 60
135 59 3592
43 162 3593
137 5 3597
164 47 3593
117 16 3591
176 155 3594
120 92 3592
121 123 3592
33 156 3595
40 14 3592
132 194 3594
8 134 3590
199 134 3597
62 103 3595
18 129 300
33 57 1
47 104 3596
67 164 3592
115 177 3595
58 144 3599
64 38 3591
147 146 3597
14 181 47
163 103 3592
142 108 3594
8 88 14
19 153 53
62 54 3596
80 130 3596
51 14 3592
174 28 3596
147 7 3595
147 81 3597
87 81 3595
129 193 3597
121 91 7
140 97 3599
21 172 3591
99 112 3594
53 171 3593
76 85 3597
118 50 3594
120 160 3590
141 194 3595
133 79 4020
101 69 3593
25 17 3594
89 62 3590
51 71 3594
14 89 3595
103 79 3597
23 158 3594
64 65 3597
145 29 3594
57 122 3593
126 63 3594
169 86 3592
50 146 3591
41 49 44
183 75 3599
56 152 3593
98 155 3596
187 71 3597
98 127 12
2 49 3591
185 119 54
125 162 49
103 151 3593
173 105 3595
46 199 105
140 44 51
53 181 3599
164 46 3592
169 189 3594
119 107 3591
56 71 22
32 18 3591
72 51 20
78 58 3597
169 130 3590
106 77 3590
81 132 3598
179 184 3590
14 4 3597
197 189 3595
102 76 3595
32 11 28
27 66 3599
85 69 262
31 122 3596
47 59 35
17 158 3593
63 140 3592
11 151 3597
117 105 3594
142 54 3596
93 123 3592
30 29 3591
121 117 83
157 88 3598
54 43 3597
26 57 3593
124 22 3592
183 30 3594
9 139 108
68 169 3592
152 29 3594
37 8 3597
191 33 35
137 69 3597
167 108 3593
61 60 3597
13 142 24
62 30 3597
122 106 3591
46 14 3592
33 125 3592
64 183 3597
11 167 3592
59 130 3597
96 156 61
92 174 3597
43 116 106
94 71 46
29 60 3593
91 168 3591
7 56 3597
96 82 3596
25 86 3592
176 44 3591
114 179 3597
185 71 3592
127 28 3594
151 38 3591
31 112 3590
70 76 3592
132 55 110
196 58 3591
102 155 3594
157 87 3597
178 186 3590
123 92 3591
45 171 24
56 79 7
49 19 3590
149 88 3
152 16 3598
137 13 3596
53 100 3592
62 88 3599
1 176 2
20 75 3590
113 129 3599
45 42 3594
112 142 3596
35 123 3595
98 100 3599
13 44 3598
160 75 3590
185 76 3599
22 169 3594
50 46 3590
122 144 28
17 53 55
27 149 3592
113 183 3592
163 199 3598
112 75 41
127 72 3591
109 99 3590
39 52 3592
78 67 3594
143 34 3591
86 65 95
115 184 3596
199 13 3598
169 193 3595
123 29 3594
155 188 81
183 170 24
86 78 3598
190 83 3599
11 90 3597
91 159 56
89 25 3591
164 112 3591
114 123 3595
15 36 3594
81 39 3599
191 146 3593
152 95 98
97 165 3599
164 118 54
173 162 3595
92 183 3598
187 86 3599
152 107 3596
115 42 89
152 172 3591
106 60 3594
11 83 3593
111 104 68
80 124 3592
45 73 3590
154 78 96
64 62 12
84 101 3593
19 113 3596
182 66 3596
117 48 3590
189 183 3599
44 72 3594
134 83 73
145 100 3596
39 155 3593
175 41 3591
177 132 3599
98 59 3592
57 165 3591
183 55 3599
189 96 43
148 50 3591
5 115 3595
188 26 3590
26 14 3597
160 84 74
186 35 3592
116 66 3596
34 142 3595
173 121 3596
67 46 3592
138 117 4307
113 143 3593
176 78 3734
76 2 3590
23 173 90
22 93 3594
2 6 38
153 7 3596
20 5 59
15 58 3597
95 90 3596
54 191 3594
138 178 3599
41 83 3
140 195 3590
137 73 214
55 45 3594
16 39 164
118 151 3596
17 172 3599
141 131 58
194 130 3596
102 178 107
54 64 3599
53 115 3595
112 24 11
71 135 3598
182 54 3599
87 118 3593
95 187 3594
174 152 3594
139 132 3592
76 143 288
39 175 3599
148 4 3594
149 85 3596
171 11 3590
166 161 23
135 12 3591
193 26 3593
48 65 3599
147 35 3598
153 159 3595
76 200 839
169 70 3598
68 72 3590
159 165 3590
27 52 483
25 179 977
148 68 3599
172 105 105
90 102 3596
145 62 3596
177 109 3593
128 19 3597
14 77 58
200 179 1549
110 191 3591
61 104 3593
120 102 3594
40 196 49
169 84 3596
197 92 67
11 39 3593
198 178 3596
135 28 3598
129 143 3596
86 79 3591
167 86 3596
11 20 3595
43 173 3599
166 159 3593
190 170 3597
52 130 3595
155 12 101
130 135 3592
149 161 3593
115 14 3598
49 73 3591
182 52 3593
151 119 3592
152 113 3594
150 151 176
95 88 3809
143 195 595
178 133 3594
128 31 3591
34 119 3598
155 170 3595
12 49 3590
156 17 3597
166 163 3595
125 188 3599
19 2 3597
45 159 76
30 70 3593
139 116 3599
161 126 3599
129 134 3595
23 67 3595
180 99 19
84 51 3593
34 178 3596
45 6 3593
106 83 3598
124 64 3595
60 119 3593
13 29 3599
64 5 3593
9 169 3592
114 73 3592
91 113 3590
199 113 3590
196 153 3595
133 138 3598
53 19 3598
188 136 3597
23 32 3597
79 95 14
100 186 3593
136 82 28
161 132 3594
144 109 3595
199 21 3591
20 169 3593
76 44 3594
82 187 3590
122 16 3593
142 177 3591
170 5 3596
127 111 3594
122 103 33
42 190 3596
145 83 3590
45 148 3590
54 194 151
65 90 3594
177 30 7
161 16 3598
172 161 3591
149 143 3599
78 95 3598
121 17 3592
70 143 3591
38 196 4261
58 90 3591
66 193 78
42 84 3593
90 72 3596
169 36 3595
125 174 3599
79 40 3597
70 141 3592
30 26 3596
195 146 3598
24 69 3592
51 75 3599
62 34 2
96 100 3598
185 3 14
68 59 33
67 170 3595
45 3 3591
13 43 3591
147 133 66
160 45 3592
12 86 3590
119 30 3594
128 14 3593
48 37 3593
38 139 4539
71 126 3594
39 90 3593
189 140 33
131 125 12
152 186 3596
29 9 3592
74 118 3591
31 33 3597
123 198 3597
72 180 3596
46 96 3596
167 21 3597
108 34 3594
88 83 3593
156 18 3591
77 21 3591
163 164 3590
166 124 3592
103 32 3591
109 57 3591
8 83 3593
58 145 3590
58 30 3596
49 45 3597
40 191 3590
163 105 28
155 37 3599
53 148 3596
71 19 3594
198 63 3592
195 71 3596
93 51 3590
6 52 3599
75 38 4465
74 142 3591
130 45 3594
26 9 3599
9 141 3592
53 4 3598
90 113 3591
58 21 3591
60 66 3593
20 90 3594
164 66 3597
159 188 3591
164 173 3591
34 58 3599
30 7 3597
155 162 3591
90 64 3599
29 164 5
92 192 3592
165 152 3591
27 136 3598
89 28 92
113 104 3592
81 2 3597
20 179 3590
169 42 3592
181 67 3595
58 67 240
26 174 54
68 186 3590
28 65 3591
162 42 3596
16 82 3591
196 123 3592
24 32 48
58 173 61
104 133 8
8 97 3594
161 17 37
184 83 3597
124 168 3598
190 2 3599
179 36 3592
42 165 3594
14 134 3590
156 77 3597
140 154 3598
191 29 3591
61 90 3595
62 46 3594
180 114 3597
172 148 3596
100 36 3594
67 137 330
167 70 3596
185 29 3596
70 133 3768
181 71 3592
7 174 67
178 158 3596
70 168 51
29 64 3592
15 196 3595
125 39 3591
142 32 3593
72 80 205
7 181 3597
68 108 3593
30 167 3598
63 31 35
167 168 3591
102 81 3597
10 191 27
46 128 3599
108 10 3595
7 108 3599
139 39 101
11 4 3590
120 74 149
92 170 3596
129 100 608
28 145 3598
33 121 3599
184 79 3592
151 79 3598
12 114 3597
48 145 5
175 136 3598
89 168 3592
177 154 3599
193 154 3591
151 160 3596
138 192 4709
59 42 3591
160 163 3593
12 152 3597
187 74 3590
53 98 11
181 168 3593
111 16 3595
7 5 3598
13 198 3590
147 27 3597
69 169 3596
132 138 5083
57 21 3591
38 48 3598
197 75 3591
80 94 3592
60 91 3591
185 168 3599
183 48 22
51 59 3592
98 165 3596
78 47 3734
86 182 22
66 22 55
28 130 3592
161 141 3592
71 32 3591
101 167 170
13 20 3599
196 114 23
114 46 3596
167 99 3594
97 123 3593
100 24 3592
34 9 3595
141 137 3594
148 58 3591
117 40 3597
93 121 3599
179 143 3595
181 101 3597
89 37 67
42 185 3591
47 60 67
54 174 3594
152 151 3594
22 94 3597
116 196 3590
171 105 3590
123 106 3596
186 55 101
80 15 3594
184 14 3597
50 194 3595
152 11 3596
7 163 3592
147 120 3592
144 137 3590
27 127 3597
189 138 3598
150 191 3594
44 172 3595
181 190 3594
90 134 3595
145 166 38
146 63 3593
178 141 3598
172 158 129
163 19 3595
58 147 3597
119 177 62
56 137 3591
82 57 3594
22 157 3594
34 147 1
152 15 3
47 136 3597
7 164 3593
113 146 67
136 111 3596
62 60 3598
187 64 3596
98 4 3590
198 110 78
99 98 3598
87 106 16
158 116 3591
149 29 3598
153 101 3592
181 78 3598
64 69 3590
136 180 54
118 91 3599
120 188 3598
115 143 3590
24 16 3593
90 53 3599
127 9 3590
39 123 3599
95 108 4113
104 147 3598
85 129 3598
123 57 3595
62 35 3598
139 101 3593
19 157 3591
158 148 3594
23 73 3596
96 184 3593
90 80 3596
143 50 3591
191 37 3592
38 74 4159
177 45 3598
131 143 3599
128 116 119
28 182 66
58 123 3594
50 115 22
160 167 132
176 84 3592
170 87 3592
102 19 3594
62 138 3596
54 148 3596
90 160 3599
148 81 47
118 152 3599
117 184 3593
54 69 137
173 156 3592
102 147 3598
98 28 3594
181 175 3592
67 192 3596
94 34 3599
14 158 3593
28 24 3597
175 21 3597
106 139 3592
27 141 3592
70 8 16
132 169 3654
168 190 36
113 87 3595
154 81 3597
51 127 3591
199 107 103
126 134 3590
111 36 14
30 82 23
172 138 4498
123 132 38
11 100 3599
145 164 3590
130 99 50
163 194 69
156 64 40
146 76 3591
114 34 3599
141 39 3599
89 67 3591
144 199 3593
46 92 3591
142 59 3593
38 177 3599
4 169 42
84 65 3591
62 44 3590
149 173 3596
109 180 3594
175 143 3598
37 23 3592
128 109 116
29 183 3596
138 100 3596
39 138 4669
126 106 3594
136 119 3593
123 161 3592
29 31 5
133 85 3591
89 74 3592
164 9 3596
27 25 409
43 10 3599
155 19 3591
94 9 33
193 73 3598
110 36 65
170 61 31
11 187 3592
61 74 3591
58 156 3592
151 96 3590
153 2 57
80 5 41
58 77 3592
97 24 3594
180 4 3595
198 128 3594
78 89 3596
81 158 3595
105 39 3594
142 57 12
200 100 390
89 103 3594
124 1 2
135 46 3590
104 103 3594
188 48 3594
13 63 3596
169 28 3598
155 145 3598
52 102 7
86 127 3594
46 43 3591
37 146 41
171 68 23
148 65 3590
125 19 3595
151 169 3599
161 95 3595
60 80 3597
192 41 3595
116 97 3596
4 85 3595
54 4 3596
153 102 3592
4 181 4
161 9 3593
164 58 3597
29 41 3590
10 47 3594
85 151 91
109 75 3595
161 124 3596
24 42 3599
60 85 3595
74 92 42
77 164 3598
12 175 3597
108 44 3595
158 30 3599
84 102 3592
108 107 81
78 17 3597
155 120 3590
162 34 3598
47 55 3591
123 138 97
190 48 3596
127 85 3596
177 165 3599
35 52 3594
108 135 3590
112 183 3590
149 123 3595
135 81 28
196 81 3593
163 169 3591
20 10 3597
19 193 13
60 96 3593
184 189 3595
73 74 3598
178 25 3599
42 89 3595
186 184 22
190 165 50
48 198 3593
19 85 3597
74 148 3596
163 113 3592
1 165 245
193 110 3598
153 42 3591
89 155 3598
24 78 3591
172 123 3590
78 104 3734
96 112 3595
76 60 3598
21 93 19
151 16 3591
182 167 3596
30 59 3598
114 144 3594
93 17 3594
97 114 38
150 168 3594
168 155 3595
175 118 30
51 178 44
80 17 3596
163 184 3592
157 40 35
33 142 3592
52 101 3595
132 131 3597
31 83 3597
79 143 3591
3 77 44
49 35 51
154 152 3591
133 132 3926
97 105 3591
163 186 3599
119 170 3598
137 74 3598
187 118 3596
61 12 3598
135 49 3599
100 101 3594
186 42 3594
197 192 126
22 140 3590
42 90 96
120 115 3593
18 85 3591
98 5 3598
56 192 3592
186 19 3590
130 149 41
130 7 3594
124 135 15
169 38 72
107 127 3599
21 122 3599
89 58 3594
127 94 3591
126 22 51
29 44 3593
38 68 4733
46 21 3595
41 96 3590
67 163 3598
163 165 3593
130 67 3591
119 40 3593
198 187 3590
51 42 3596
135 109 3599
80 31 3591
190 76 3590
129 179 3596
72 171 3599
12 25 3596
46 35 25
52 146 3593
195 130 3590
18 166 3594
75 97 29
1 200
