200 1000 1
158 185 3595
160 59 3597
139 152 3599
113 145 3594
131 10 3595
150 24 3591
54 186 3592
21 185 3598
71 48 3592
180 100 3598
36 155 3590
198 2 3597
192 136 3596
180 49 67
13 42 3592
133 34 3595
35 172 3591
4 130 3593
69 21 3599
80 113 3596
47 76 3594
15 189 3597
120 182 3596
101 26 3597
169 49 3598
133 99 3593
106 185 3591
113 90 3599
143 94 3599
59 78 3598
78 106 3592
19 190 3596
93 134 3599
116 147 51
70 150 3599
105 86 3590
23 192 29
134 127 3595
174 11 81
130 58 45
156 24 3597
184 68 3599
81 183 3591
176 98 3597
161 49 3591
161 178 3590
29 133 3595
3 128 25
98 65 22
4 90 3594
178 172 3593
50 142 3593
125 175 23
94 161 3595
44 69 44
120 12 3599
59 177 3595
144 153 3593
165 128 3597
137 170 3594
24 92 3595
173 75 22
69 151 3590
134 24 3851
123 65 3590
162 60 3594
23 66 3590
117 141 3592
94 139 3593
21 72 3596
33 6 3591
151 163 3599
62 43 3598
113 129 3590
22 78 3597
200 158 1549
111 11 3592
198 117 3590
15 11 103
98 186 95
178 189 3592
185 171 3592
89 61 53
122 177 3590
55 28 3597
44 53 3597
194 155 3598
143 103 3597
198 7 272
8 187 3593
70 54 3593
119 113 3598
111 107 3596
188 46 3599
28 49 3598
51 94 3596
64 44 3594
72 55 28
197 74 3593
195 164 3596
176 152 14
59 194 3593
96 191 3590
50 99 3591
150 20 3591
24 77 46
62 109 3592
28 119 3599
150 121 67
49 168 3592
22 143 23
38 2 56
3 110 3593
129 88 3595
114 113 3597
143 67 3599
27 187 3591
31 122 3592
29 156 35
83 138 3596
83 2 3593
135 40 3593
31 194 3597
140 109 47
157 22 49
166 180 41
104 62 3593
174 136 3596
11 105 3596
153 79 3593
121 35 3592
26 49 3592
171 7 595
103 191 3596
170 167 101
63 184 3596
43 199 3597
92 154 3597
131 155 3595
48 165 3594
167 67 3590
60 121 3593
167 137 3598
164 17 72
92 43 3597
23 143 38
199 53 3594
120 176 3591
176 153 44
116 89 3592
168 191 483
117 14 3593
98 94 3592
48 76 3598
8 121 3599
167 22 3592
108 52 96
188 85 3597
140 107 3598
119 182 67
82 16 3599
65 137 3590
48 185 3596
117 83 91
196 110 3595
51 33 3596
128 195 3591
93 108 3592
164 28 3599
106 139 31
50 82 3596
17 87 3594
33 127 3592
87 14 3596
181 192 3598
179 173 3596
139 31 3594
20 39 4
169 102 3598
56 127 3593
57 10 3593
172 15 3591
105 120 3599
13 95 41
132 154 3591
72 142 3597
113 13 3597
136 87 240
123 58 3595
173 80 40
76 55 3594
58 101 3599
177 58 3593
168 188 3594
130 179 4307
121 154 3597
150 106 3595
124 162 3599
119 79 3595
82 68 3594
132 158 3597
33 192 3599
21 62 36
113 190 3593
105 25 3598
54 53 3597
134 35 3656
27 103 3599
46 40 96
175 60 3591
157 106 3599
192 82 41
94 35 3590
43 150 3594
194 166 3597
151 88 3593
84 111 3599
178 103 3591
47 143 3596
85 54 11
127 124 49
2 91 3591
132 138 3597
126 130 83
132 171 288
192 113 3594
175 102 3592
198 182 3590
127 105 3595
82 88 3594
6 142 3599
55 83 3595
160 134 3590
33 84 37
37 48 12
12 3 3598
49 86 3596
155 191 3590
164 116 3592
34 171 3594
180 123 3596
27 30 3595
155 183 3591
82 60 3594
102 139 3593
144 39 3599
198 177 3596
47 94 3594
100 105 3594
121 43 3597
8 21 3593
42 164 4903
163 32 3590
50 41 3592
191 67 3595
189 174 3599
158 184 3596
87 35 3597
129 29 3597
53 101 3594
96 52 3598
191 137 3599
133 21 3598
131 49 3595
160 56 3590
141 6 3592
40 14 3598
8 123 3596
30 97 3591
188 25 69
20 17 42
104 49 32
113 67 3591
37 153 3597
139 3 3599
86 88 3597
125 97 3592
175 183 3597
87 39 3594
190 165 3595
179 32 4948
133 136 3599
81 36 3593
38 99 3599
74 144 3593
123 80 3591
59 171 3598
151 183 106
52 115 3591
30 195 38
3 36 3598
185 40 3599
145 18 3597
178 170 3598
8 71 3598
114 137 3593
25 194 151
35 76 3596
197 137 3598
168 90 3593
194 27 3590
155 22 3591
88 193 3595
59 111 3593
19 160 44
149 127 3597
112 17 3597
161 133 164
197 184 116
152 100 3592
108 83 3594
10 78 3591
134 78 8
163 31 14
55 14 3590
196 71 3593
141 12 3599
131 163 3592
6 123 3590
61 76 13
122 131 3590
33 117 3594
131 82 3595
74 13 3598
68 146 3590
63 78 68
164 16 4449
42 82 3591
29 192 3596
63 193 3596
125 48 3594
193 152 3591
167 32 3590
13 176 3598
134 153 3597
160 34 20
133 12 14
122 98 3590
144 160 3594
107 1 2
167 21 3594
79 88 90
77 178 22
39 115 3592
187 148 1
71 20 3594
47 193 3598
13 18 3599
176 155 3593
180 178 3596
135 105 3596
79 109 3590
183 131 3596
125 143 3594
67 114 3597
5 162 3591
32 118 3599
177 31 3592
54 30 3595
48 152 3596
84 156 3595
77 156 3593
36 116 33
198 24 3590
193 41 20
194 83 3592
168 150 3591
127 13 3597
27 16 3591
151 114 3591
155 116 3597
24 126 3593
188 183 3590
72 108 3591
32 26 3594
4 105 3597
100 117 3593
193 82 3599
196 112 3590
19 52 3596
104 153 3596
195 81 3595
38 115 3594
102 74 3598
60 105 3592
85 86 3593
61 188 3595
100 65 66
82 56 3592
194 143 3591
77 25 3594
118 48 3598
145 109 4
54 177 3593
6 190 3590
169 112 3593
113 115 3593
172 45 3597
52 139 3597
92 110 41
95 146 3595
26 152 3599
5 39 3593
27 28 3598
51 112 51
52 109 3592
165 12 3591
27 157 3595
154 4 3590
2 116 3594
41 64 3593
175 48 3598
116 10 3596
132 191 3597
135 107 3591
162 69 3
149 94 33
133 93 3591
26 161 3595
127 42 3598
82 52 3596
69 35 3590
30 127 3594
72 107 34
71 178 3590
18 165 3591
12 78 3597
18 78 3590
26 194 137
19 75 3595
199 124 3593
83 71 176
103 20 3591
3 160 3594
193 136 3598
28 23 3598
80 183 3598
188 106 3594
20 139 3594
110 152 3591
183 10 3599
7 6 3594
150 171 3592
144 127 3590
177 103 3596
63 174 3597
82 32 11
86 108 3596
5 186 3597
105 121 1
158 171 3590
69 172 3591
3 15 105
6 43 3591
177 108 3593
136 102 330
129 124 3594
200 141 390
56 22 3594
106 126 3597
149 189 3597
27 172 101
196 95 3597
196 88 140
128 184 3593
135 63 14
170 52 70
154 39 47
167 28 81
33 132 3592
60 10 3596
28 146 3592
113 109 3593
50 35 3590
181 124 3592
127 193 3597
197 57 56
134 44 3594
125 55 3595
88 148 3596
51 3 3592
33 19 3590
116 191 3595
82 189 3595
117 107 3591
71 85 3592
102 82 3598
18 146 3599
169 100 3596
170 64 3591
157 8 3590
17 5 3599
41 165 3591
108 106 3596
148 183 3597
25 3 3595
73 58 3590
54 8 16
84 151 3595
172 132 3596
63 120 3594
93 101 300
107 129 3594
166 11 3592
59 43 3592
54 188 3595
49 67 3597
68 148 3592
33 11 3597
127 176 3593
151 167 3594
53 184 3594
113 158 977
6 196 74
122 11 3593
2 126 3597
141 139 3590
99 142 3594
191 97 7
151 9 3595
7 112 3596
64 186 41
166 91 3592
120 7 3592
41 49 3599
98 163 3594
60 88 3595
84 26 3595
186 131 3592
76 50 78
78 125 3593
151 38 3594
31 142 16
141 107 3593
96 114 54
30 104 3597
127 141 3595
67 94 3592
19 23 3598
110 15 3590
73 129 3594
40 30 3599
143 147 3599
171 130 3593
77 83 3598
10 9 3596
3 19 3591
183 184 119
198 102 214
64 162 73
165 122 1
148 95 3598
67 14 3590
172 155 22
48 112 3597
9 33 55
92 179 3780
146 85 24
60 100 3594
77 81 3592
181 187 35
9 2 3597
16 159 3597
97 19 107
11 88 3595
189 77 3593
79 197 3591
117 51 3596
199 130 3593
91 62 3599
41 67 30
42 63 3592
37 28 3591
128 44 51
56 2 3592
42 115 3591
2 28 3593
50 33 3593
36 143 3593
175 189 7
92 165 3593
27 62 3596
144 42 3596
15 177 3593
175 112 3590
7 184 3591
161 35 101
37 53 40
193 104 19
16 163 3595
179 86 3596
37 97 3596
6 57 3599
10 11 3597
43 48 3597
168 120 3593
58 183 3594
192 89 3598
102 42 3593
171 21 3591
79 2 3595
100 10 92
129 185 149
89 163 3597
9 25 3593
162 84 3592
151 24 3593
61 90 3593
195 18 3592
149 199 3595
174 146 3599
38 126 7
168 113 409
70 80 3
5 63 3591
66 143 3598
5 111 58
127 48 3599
110 88 3596
164 58 3969
98 20 3596
151 128 3591
73 103 3591
71 130 3596
33 176 3599
129 118 111
4 68 38
159 96 19
68 27 110
124 59 1
8 103 3598
43 185 3594
105 91 3598
115 153 3595
112 27 3597
2 127 3590
5 127 12
126 20 3595
42 29 3590
146 118 3599
103 89 3595
84 48 3598
34 60 3598
153 121 3592
58 11 3598
130 160 3591
197 189 3591
131 105 3597
81 85 3592
32 81 3596
68 175 3593
91 88 3597
121 135 3599
181 162 3590
177 114 3599
177 21 3590
142 62 51
92 14 3593
158 152 3599
101 127 3599
73 157 3596
47 59 38
13 163 3
84 58 3593
149 68 3599
108 12 3591
116 33 3594
8 147 60
185 45 42
174 2 3596
88 75 3591
124 29 3590
47 58 3593
3 151 3593
5 56 3597
192 152 3594
166 80 3597
159 84 3592
190 189 62
188 180 3592
149 53 3592
23 4 3590
61 189 3599
84 56 3595
94 66 23
70 75 3596
23 173 3599
116 127 3599
104 150 3599
84 192 3596
133 42 3594
75 170 3598
188 91 3598
9 99 11
14 24 33
109 118 3599
3 186 3591
50 51 55
110 118 59
149 156 3595
105 99 12
84 127 3590
74 58 28
151 174 13
9 190 3593
162 78 3598
40 177 3597
155 147 3590
144 159 3597
43 18 126
196 146 3594
53 85 3597
189 67 3594
154 79 3599
136 115 3599
140 194 3596
25 148 3592
132 65 3592
67 108 3590
30 178 3594
106 44 3595
180 119 3593
46 65 3593
74 100 3594
167 128 3592
106 66 3595
134 165 66
147 159 3590
40 82 3590
116 63 3596
144 116 3599
60 8 3595
71 102 3598
84 142 3596
193 67 3596
53 163 3595
115 73 3597
90 66 24
169 12 170
57 25 3596
164 29 46
84 195 23
24 6 3592
31 147 3590
144 71 155
18 49 3595
125 18 3594
81 1 245
78 191 3599
6 169 132
153 196 3593
138 91 5
190 51 3593
199 165 3593
129 40 3591
75 37 3590
93 144 535
143 26 3590
178 182 3595
57 21 3599
98 97 3591
53 131 61
10 182 3598
49 61 3591
94 32 3598
142 55 3593
3 56 3597
137 120 105
126 163 3597
56 118 3595
77 3 3599
138 157 3592
199 177 78
48 113 3596
47 16 3597
148 117 3591
91 82 3599
148 77 3598
195 95 3598
60 74 33
38 21 3593
90 2 76
130 81 3594
150 140 3595
123 167 3592
92 34 205
10 181 3595
162 126 3594
111 104 3595
91 67 54
112 119 59
167 185 3592
144 7 3594
29 179 5127
161 154 3596
10 15 3598
35 14 108
125 84 3597
84 83 3598
184 62 3593
168 77 3592
196 19 3598
21 146 3591
86 16 3815
49 141 3594
186 159 3590
55 110 3597
132 200 839
28 13 3596
131 47 3594
157 103 35
117 26 262
175 194 3592
70 29 3591
186 168 3596
109 159 3592
91 147 3598
119 2 3594
91 140 3597
46 105 3593
75 108 89
58 27 3596
134 28 3595
181 133 3599
187 198 3598
10 145 3598
150 102 3598
115 178 7
165 168 3595
140 123 28
40 60 3595
183 197 3591
182 151 3593
1 42 2
86 70 98
76 140 3599
52 135 3595
163 45 3594
145 178 3590
16 54 3597
45 43 3597
103 139 47
37 57 3597
78 130 3594
34 108 3594
120 188 28
149 91 3594
37 91 3598
147 10 3599
180 185 3591
159 19 3595
139 190 3594
184 113 3591
55 32 48
21 81 50
63 112 3593
66 121 3590
72 131 3590
140 17 3598
152 190 54
115 166 3594
84 186 3599
84 129 3594
126 124 3599
180 126 3590
189 17 3590
166 10 67
109 121 3597
177 16 50
197 61 3599
27 120 3593
196 173 3595
60 28 26
78 98 3592
162 117 3598
95 38 3590
24 29 3596
46 179 105
45 18 67
91 6 3595
168 152 3590
91 106 3591
47 3 3591
159 95 50
112 134 3599
69 178 3595
51 43 3594
164 157 4126
163 102 3595
49 73 3594
107 51 3591
89 47 57
106 56 24
12 7 3598
92 144 3590
92 94 3592
34 68 3590
152 145 3591
101 139 3592
113 138 3595
162 32 3597
13 171 3595
109 172 3592
19 152 3594
83 32 3597
56 150 3590
88 72 3598
147 101 3590
101 141 608
19 166 3593
122 48 2
80 116 3590
12 155 3595
27 21 3590
83 179 3596
174 18 3596
87 79 61
175 97 3590
66 7 3594
82 118 3591
24 7 3596
8 179 4058
136 182 3590
121 74 3597
121 127 3590
57 45 3596
103 28 3593
138 156 5
111 82 3595
73 30 5
49 118 3594
115 86 14
180 136 3596
4 92 3593
125 114 28
140 112 3590
182 16 54
83 41 3590
178 193 3595
135 199 65
97 6 3595
38 143 3599
140 53 3594
150 88 3596
134 42 4020
4 179 97
54 61 3590
160 79 3598
66 170 3597
110 90 3599
181 145 27
60 50 3593
152 112 3597
64 20 3595
163 36 3596
79 140 3599
105 30 3595
178 122 3591
147 61 3599
5 140 3599
183 50 3599
90 180 3593
177 76 3593
178 18 3598
43 12 3590
23 80 3590
170 148 3593
128 183 3595
75 111 3590
149 150 35
73 56 22
42 123 15
121 14 3598
46 35 3597
142 64 3594
166 4 3590
100 8 3599
183 195 3598
53 105 3597
114 35 3599
131 36 43
107 31 3598
82 108 3596
123 114 3597
137 57 129
112 156 3594
133 141 3599
10 194 3592
146 148 12
155 43 136
59 112 3591
49 87 3592
80 194 3595
99 115 3592
57 29 3595
61 22 3598
154 153 58
111 40 78
101 43 3594
146 6 3598
1 200
